Year   Temperature
1400  -0.3303
1401  -0.2834
1402  -0.0944
1403  -0.0820
1404  -0.1900
1405   0.1159
1406   0.2117
1407   0.1351
1408   0.2146
1409   0.1101
1410   0.0486
1411   0.1176
1412  -0.2349
1413  -0.0186
1414  -0.0364
1415   0.2154
1416   0.2696
1417   0.0130
1418   0.2047
1419   0.1332
1420  -0.0730
1421  -0.0104
1422  -0.0322
1423  -0.0125
1424   0.0565
1425   0.0761
1426   0.0369
1427   0.0630
1428   0.1822
1429  -0.0392
1430   0.2286
1431   0.1173
1432   0.1120
1433   0.1134
1434   0.3015
1435   0.2695
1436   0.2648
1437   0.2043
1438   0.0412
1439  -0.2250
1440  -0.1434
1441   0.0803
1442  -0.0241
1443   0.0522
1444   0.1771
1445  -0.1342
1446  -0.1354
1447  -0.0844
1448  -0.2582
1449  -0.3016
1450  -0.1682
1451  -0.2189
1452  -0.0559
1453  -0.2860
1454   0.0591
1455  -0.2817
1456  -0.2330
1457  -0.1924
1458  -0.4151
1459  -0.3892
1460  -0.2472
1461  -0.2907
1462  -0.4079
1463  -0.3700
1464  -0.4054
1465  -0.2011
1466  -0.3903
1467  -0.2843
1468  -0.0922
1469  -0.1894
1470  -0.0530
1471  -0.3437
1472  -0.3285
1473  -0.3177
1474  -0.0549
1475  -0.2733
1476  -0.1784
1477  -0.1444
1478  -0.1521
1479   0.0348
1480   0.0446
1481  -0.1351
1482  -0.0644
1483  -0.2391
1484  -0.0089
1485  -0.0063
1486  -0.2117
1487  -0.1053
1488   0.1128
1489   0.0365
1490   0.0033
1491   0.0500
1492  -0.0181
1493   0.0627
1494   0.0636
1495  -0.0674
1496   0.0414
1497  -0.1907
1498  -0.0636
1499  -0.0160
1500  -0.0648
1501  -0.0437
1502  -0.2245
1503  -0.0446
1504   0.1360
1505   0.1528
1506  -0.1120
1507  -0.0959
1508   0.1243
1509   0.1221
1510   0.1131
1511  -0.0114
1512   0.1778
1513  -0.0016
1514  -0.0168
1515  -0.0537
1516  -0.1629
1517   0.0115
1518  -0.0458
1519  -0.2735
1520  -0.1804
1521  -0.1501
1522  -0.0360
1523  -0.0907
1524  -0.1848
1525  -0.0342
1526  -0.2835
1527  -0.2091
1528  -0.1702
1529  -0.1411
1530  -0.1731
1531  -0.0601
1532   0.0473
1533   0.0931
1534  -0.0769
1535  -0.1188
1536  -0.1009
1537  -0.1036
1538   0.0334
1539  -0.1929
1540  -0.1567
1541  -0.0279
1542   0.1056
1543  -0.2471
1544  -0.2481
1545  -0.0971
1546  -0.0215
1547   0.0613
1548  -0.0170
1549  -0.1245
1550  -0.0386
1551   0.0808
1552   0.0166
1553  -0.0569
1554  -0.0638
1555  -0.1770
1556   0.0393
1557  -0.1531
1558   0.0577
1559   0.0211
1560  -0.1921
1561  -0.0307
1562   0.0071
1563   0.0827
1564   0.1260
1565   0.0366
1566   0.0969
1567  -0.1239
1568  -0.0401
1569   0.1009
1570  -0.0901
1571  -0.0907
1572  -0.1383
1573  -0.2386
1574  -0.1635
1575  -0.0470
1576  -0.1553
1577  -0.3697
1578  -0.2912
1579  -0.3324
1580  -0.2192
1581  -0.2434
1582   0.0754
1583  -0.1526
1584  -0.1522
1585  -0.1343
1586  -0.1167
1587  -0.3680
1588  -0.1440
1589  -0.3149
1590  -0.1973
1591  -0.1323
1592  -0.1935
1593  -0.2855
1594  -0.2996
1595  -0.2077
1596  -0.3442
1597  -0.2805
1598  -0.0153
1599   0.0825
1600  -0.0143
1601  -0.2292
1602  -0.2879
1603  -0.2013
1604  -0.3396
1605  -0.2757
1606  -0.3180
1607  -0.3791
1608  -0.4932
1609  -0.2651
1610  -0.1647
1611  -0.0952
1612  -0.2129
1613  -0.1306
1614  -0.1634
1615  -0.3761
1616  -0.0990
1617  -0.1670
1618  -0.2292
1619  -0.1210
1620  -0.3055
1621  -0.2504
1622  -0.1451
1623  -0.0946
1624  -0.1474
1625  -0.1450
1626  -0.0885
1627  -0.1770
1628  -0.0949
1629  -0.0487
1630  -0.0529
1631  -0.1060
1632  -0.1536
1633  -0.1485
1634  -0.1747
1635  -0.2225
1636  -0.0429
1637  -0.0576
1638   0.0088
1639  -0.1566
1640  -0.0629
1641  -0.2886
1642  -0.2996
1643  -0.2953
1644  -0.1844
1645  -0.2610
1646  -0.2257
1647  -0.3504
1648  -0.1616
1649  -0.1979
1650  -0.1902
1651  -0.2655
1652  -0.3023
1653  -0.1260
1654  -0.1462
1655  -0.1141
1656  -0.0271
1657  -0.1841
1658  -0.1000
1659  -0.1486
1660  -0.1390
1661  -0.2048
1662  -0.1562
1663  -0.2112
1664  -0.3630
1665  -0.1986
1666  -0.2474
1667  -0.3722
1668  -0.2270
1669  -0.2007
1670  -0.2411
1671  -0.3314
1672  -0.2954
1673  -0.3607
1674  -0.2991
1675  -0.2288
1676  -0.3122
1677  -0.2749
1678  -0.1839
1679  -0.3176
1680  -0.2554
1681  -0.2314
1682  -0.1645
1683  -0.2090
1684  -0.2351
1685  -0.3406
1686  -0.2283
1687  -0.3605
1688  -0.3153
1689  -0.1285
1690  -0.0878
1691  -0.1650
1692  -0.2695
1693  -0.1575
1694  -0.1932
1695  -0.3337
1696  -0.2691
1697  -0.1980
1698  -0.2013
1699  -0.2267
1700  -0.2717
1701  -0.3556
1702  -0.2487
1703  -0.1467
1704  -0.0981
1705  -0.1854
1706  -0.2462
1707  -0.0998
1708  -0.0649
1709  -0.2179
1710  -0.1735
1711  -0.2081
1712  -0.1127
1713  -0.1161
1714  -0.3357
1715  -0.1717
1716  -0.1496
1717  -0.2103
1718  -0.2220
1719  -0.1616
1720  -0.2188
1721  -0.2017
1722  -0.3310
1723  -0.2065
1724  -0.0757
1725  -0.1942
1726  -0.0799
1727   0.0568
1728  -0.1313
1729  -0.0691
1730  -0.0225
1731  -0.0643
1732  -0.0807
1733  -0.0785
1734  -0.1977
1735  -0.1359
1736  -0.1496
1737  -0.1119
1738  -0.1909
1739  -0.2134
1740  -0.2453
1741  -0.0918
1742  -0.1329
1743  -0.1988
1744  -0.2476
1745  -0.1530
1746  -0.2380
1747  -0.1808
1748  -0.1624
1749  -0.0065
1750  -0.1514
1751  -0.1385
1752  -0.0587
1753  -0.0519
1754   0.0900
1755  -0.0703
1756  -0.1194
1757   0.0461
1758  -0.0806
1759  -0.0486
1760  -0.0281
1761  -0.0513
1762  -0.1354
1763  -0.1463
1764  -0.1758
1765  -0.1436
1766   0.0132
1767  -0.0220
1768  -0.0571
1769  -0.1389
1770  -0.0698
1771  -0.0464
1772  -0.0542
1773  -0.0514
1774  -0.0147
1775   0.1331
1776  -0.0099
1777  -0.1687
1778  -0.0845
1779  -0.0880
1780  -0.1373
1781   0.0221
1782  -0.1256
1783  -0.1192
1784  -0.2300
1785  -0.2487
1786  -0.1529
1787  -0.1928
1788  -0.0670
1789   0.0142
1790  -0.0231
1791   0.0101
1792  -0.0768
1793  -0.0332
1794  -0.0198
1795  -0.1017
1796  -0.1070
1797  -0.1305
1798  -0.0144
1799  -0.1722
1800  -0.1667
1801   0.0162
1802  -0.1131
1803  -0.0655
1804  -0.0059
1805  -0.0935
1806  -0.0613
1807   0.0326
1808   0.0320
1809  -0.0520
1810  -0.0773
1811  -0.0264
1812  -0.2435
1813  -0.1017
1814  -0.1250
1815  -0.2196
1816  -0.3085
1817  -0.2865
1818  -0.2236
1819  -0.1132
1820  -0.2310
1821  -0.2610
1822  -0.1628
1823  -0.2012
1824  -0.1507
1825  -0.1691
1826   0.0488
1827  -0.2231
1828  -0.1096
1829  -0.2403
1830  -0.0840
1831  -0.0179
1832  -0.1424
1833  -0.2095
1834  -0.1760
1835  -0.3451
1836  -0.3255
1837  -0.4466
1838  -0.4159
1839  -0.3744
1840  -0.3049
1841  -0.2477
1842  -0.1905
1843  -0.2782
1844  -0.2649
1845  -0.3206
1846  -0.1941
1847  -0.1661
1848  -0.2686
1849  -0.3841
1850  -0.3033
1851  -0.2381
1852  -0.2414
1853  -0.2237
1854  -0.2543
1855  -0.2718
1856  -0.3134
1857  -0.2365
1858  -0.1477
1859  -0.1411
1860  -0.3446
1861  -0.1147
1862  -0.3493
1863  -0.2011
1864  -0.3374
1865  -0.1748
1866  -0.1957
1867  -0.2445
1868  -0.0997
1869  -0.2439
1870  -0.1725
1871  -0.1706
1872  -0.0885
1873  -0.1070
1874  -0.1105
1875  -0.1354
1876  -0.1430
1877  -0.2037
1878  -0.1855
1879  -0.2905
1880  -0.1898
1881  -0.3003
1882  -0.1869
1883  -0.1756
1884  -0.0863
1885  -0.2214
1886  -0.0584
1887  -0.1751
1888  -0.2707
1889  -0.0674
1890  -0.0355
1891  -0.1396
1892  -0.3170
1893  -0.1491
1894  -0.0602
1895  -0.0235
1896  -0.1172
1897  -0.1415
1898  -0.1923
1899  -0.2742
1900  -0.1179
1901  -0.0850
1902  -0.3136
1903  -0.2818
1904  -0.2130
1905  -0.2687
1906  -0.0737
1907  -0.2907
1908  -0.3160
1909  -0.3297
1910  -0.1909
1911  -0.1333
1912  -0.3216
1913  -0.1619
1914  -0.2424
1915  -0.1607
1916  -0.1718
1917  -0.1405
1918  -0.1827
1919  -0.1878
1920  -0.1557
1921  -0.0079
1922  -0.2173
1923  -0.1362
1924  -0.1734
1925  -0.1155
1926  -0.1263
1927  -0.1135
1928  -0.0515
1929  -0.1911
1930   0.0241
1931  -0.1813
1932  -0.1272
1933  -0.0219
1934   0.1037
1935   0.0455
1936   0.0620
1937   0.1635
1938   0.1013
1939   0.0515
1940  -0.0653
1941  -0.0931
1942   0.0116
1943   0.1258
1944   0.1748
1945   0.1480
1946   0.1116
1947   0.1593
1948   0.1416
1949   0.0256
1950   0.1607
1951   0.1387
1952   0.0715
1953   0.2254
1954   0.1869
1955   0.1650
1956   0.0427
1957   0.1594
1958   0.1485
1959   0.1948
1960   0.2328
1961   0.2298
1962   0.0664
1963   0.1454
1964   0.1100
1965   0.0257
1966   0.1006
1967   0.0719
1968   0.0734
1969   0.1735
1970   0.1422
1971   0.1329
1972   0.0529
1973   0.1694
1974   0.2286
1975   0.1402
1976   0.1626
1977   0.1558
1978   0.1305
1979   0.1834
1980   0.0867
