Year   Temperature
1450  -0.2506744
1451  -0.2003549
1452  -0.1488980
1453  -0.2376919
1454  -0.3174232
1455  -0.3155684
1456  -0.3541001
1457  -0.3270598
1458  -0.4126612
1459  -0.3868668
1460  -0.3423614
1461  -0.3898032
1462  -0.4591621
1463  -0.3307120
1464  -0.4558110
1465  -0.3815781
1466  -0.3390689
1467  -0.3470528
1468  -0.3997073
1469  -0.3148764
1470  -0.2815918
1471  -0.4146792
1472  -0.4002053
1473  -0.3534903
1474  -0.1534297
1475  -0.3243845
1476  -0.2408410
1477  -0.1930879
1478  -0.2002298
1479  -0.1355066
1480  -0.1517186
1481  -0.1323676
1482  -0.2558072
1483  -0.1862419
1484  -0.0910035
1485  -0.0905281
1486  -0.1734491
1487  -0.1706300
1488  -0.1059706
1489  -0.0794536
1490  -0.0997543
1491  -0.0725852
1492  -0.2721951
1493  -0.0810683
1494  -0.1299262
1495  -0.2236633
1496  -0.3081078
1497  -0.3461166
1498  -0.2330036
1499  -0.2188188
1500  -0.2250913
1501  -0.1866977
1502  -0.2168393
1503  -0.0887860
1504  -0.0555282
1505  -0.1616013
1506  -0.1694547
1507  -0.0952169
1508  -0.0771897
1509  -0.0827634
1510  -0.0071531
1511  -0.0305908
1512  -0.0898791
1513  -0.1574190
1514  -0.1242231
1515  -0.2208293
1516  -0.1002161
1517  -0.1366736
1518  -0.3387600
1519  -0.2578455
1520  -0.1445265
1521  -0.1328571
1522  -0.2576877
1523  -0.1787430
1524  -0.1431316
1525  -0.0950907
1526  -0.1459777
1527  -0.0617431
1528  -0.2282672
1529  -0.2409683
1530  -0.1155143
1531  -0.0788327
1532  -0.1564826
1533  -0.2117154
1534  -0.2152521
1535  -0.0904633
1536  -0.1609239
1537  -0.1900433
1538  -0.2305172
1539  -0.0985559
1540  -0.1650916
1541  -0.2401548
1542  -0.2111830
1543  -0.2471313
1544  -0.2411431
1545  -0.1892582
1546  -0.1021644
1547  -0.2391148
1548  -0.1997091
1549  -0.2529549
1550  -0.1338072
1551  -0.1495569
1552  -0.1767808
1553  -0.1945594
1554  -0.0506566
1555  -0.0708374
1556  -0.0428769
1557  -0.1093499
1558  -0.2013085
1559  -0.1212362
1560  -0.1301656
1561  -0.1666091
1562  -0.0912620
1563   0.0226137
1564   0.0482623
1565  -0.0321715
1566   0.0410174
1567  -0.0827413
1568  -0.0117129
1569  -0.0534974
1570  -0.0376881
1571  -0.0599723
1572  -0.1420655
1573  -0.1582338
1574  -0.0220990
1575  -0.1373704
1576  -0.1179127
1577  -0.1999922
1578  -0.2931706
1579  -0.2985785
1580  -0.2585903
1581  -0.1621488
1582  -0.0959957
1583  -0.1050958
1584  -0.1031693
1585  -0.1064736
1586  -0.1886927
1587  -0.3157206
1588  -0.2284630
1589  -0.2632600
1590  -0.3228862
1591  -0.3241599
1592  -0.2294938
1593  -0.1645978
1594  -0.1929070
1595  -0.2764135
1596  -0.1951246
1597  -0.2026479
1598  -0.1884666
1599  -0.1984286
1600  -0.2916421
1601  -0.3036772
1602  -0.3474239
1603  -0.2312500
1604  -0.2711473
1605  -0.2655207
1606  -0.2753746
1607  -0.3036257
1608  -0.1950153
1609  -0.2013530
1610  -0.1993340
1611  -0.2447690
1612  -0.2932336
1613  -0.3554608
1614  -0.2326654
1615  -0.3226705
1616  -0.1611373
1617  -0.0563964
1618  -0.2838613
1619  -0.0454019
1620  -0.1649325
1621  -0.1787867
1622  -0.2591791
1623  -0.2154731
1624  -0.2604501
1625  -0.1687687
1626  -0.2959365
1627  -0.2531653
1628  -0.1337414
1629  -0.2611857
1630  -0.2562227
1631  -0.3337678
1632  -0.3368145
1633  -0.2838408
1634  -0.2320957
1635  -0.2408923
1636  -0.1006780
1637  -0.1397307
1638  -0.1342443
1639  -0.2049911
1640   0.0513803
1641  -0.2619852
1642  -0.3310376
1643  -0.1642515
1644  -0.3452494
1645  -0.3014356
1646  -0.2970244
1647  -0.3979907
1648  -0.1458053
1649  -0.2109172
1650  -0.1911580
1651  -0.1841949
1652  -0.1930783
1653  -0.2842479
1654  -0.2639553
1655  -0.2262588
1656  -0.0918911
1657  -0.0406688
1658  -0.1296759
1659  -0.1846578
1660  -0.2522385
1661  -0.1352949
1662  -0.0469049
1663  -0.3380293
1664  -0.2456222
1665  -0.1880734
1666  -0.1829792
1667  -0.3124890
1668  -0.2343675
1669  -0.3090703
1670  -0.3192351
1671  -0.2642986
1672  -0.3650557
1673  -0.3244305
1674  -0.2677569
1675  -0.2454155
1676  -0.3203088
1677  -0.2997334
1678  -0.2317372
1679  -0.2516294
1680  -0.2883762
1681  -0.3244159
1682  -0.1455168
1683  -0.1869121
1684  -0.1484048
1685  -0.2540861
1686  -0.2408531
1687  -0.2538613
1688  -0.2865677
1689  -0.2108976
1690  -0.2345776
1691  -0.0486484
1692  -0.2005279
1693  -0.1278304
1694  -0.0703145
1695  -0.1603190
1696  -0.1352846
1697  -0.1151801
1698  -0.1448976
1699  -0.2438285
1700  -0.2623213
1701  -0.3089823
1702  -0.2430374
1703  -0.3937782
1704  -0.3747518
1705  -0.3957020
1706  -0.3335283
1707  -0.2534095
1708  -0.3483819
1709  -0.1473393
1710  -0.1808950
1711  -0.1994565
1712  -0.1692310
1713  -0.1099764
1714  -0.2512740
1715  -0.2416284
1716  -0.2477063
1717  -0.1794226
1718  -0.1633725
1719  -0.1579435
1720  -0.2621336
1721  -0.2003130
1722  -0.2068374
1723  -0.2116609
1724   0.0271532
1725  -0.1866510
1726  -0.1616723
1727  -0.1018286
1728  -0.0758968
1729  -0.1380139
1730  -0.0722843
1731  -0.1890961
1732  -0.2113738
1733  -0.2004498
1734  -0.2163841
1735  -0.2029190
1736  -0.1987665
1737  -0.2202754
1738  -0.0520204
1739  -0.1739952
1740  -0.1205634
1741  -0.0069516
1742  -0.1637072
1743  -0.1331689
1744  -0.2365145
1745  -0.2091196
1746  -0.3005315
1747  -0.1844501
1748  -0.0766145
1749  -0.0802637
1750  -0.2655047
1751  -0.1108062
1752  -0.1961610
1753  -0.2124706
1754  -0.0274416
1755  -0.2156721
1756  -0.1706841
1757  -0.1633916
1758  -0.2921679
1759  -0.2415848
1760  -0.0241288
1761  -0.1294015
1762  -0.1661462
1763  -0.2077697
1764  -0.2410898
1765  -0.2137722
1766  -0.1262841
1767  -0.0293797
1768  -0.1760342
1769  -0.2447321
1770  -0.1841667
1771  -0.0189733
1772  -0.0817016
1773  -0.1163384
1774  -0.0337649
1775  -0.0146537
1776  -0.0735166
1777  -0.1428930
1778  -0.1147836
1779  -0.0576378
1780  -0.1572453
1781  -0.0662432
1782  -0.2923471
1783  -0.1612222
1784  -0.0477707
1785  -0.0956023
1786  -0.1000826
1787  -0.1300951
1788  -0.1195298
1789  -0.1052648
1790  -0.1449093
1791  -0.0840625
1792  -0.1825050
1793  -0.0523630
1794  -0.1644227
1795  -0.1560279
1796  -0.0520645
1797  -0.1645780
1798  -0.1388476
1799  -0.1629359
1800  -0.0819389
1801   0.0451915
1802  -0.1889020
1803  -0.1180251
1804  -0.0353525
1805   0.0308910
1806  -0.0224400
1807  -0.0634145
1808  -0.0217445
1809  -0.0394503
1810  -0.1208261
1811  -0.0807485
1812  -0.1923508
1813  -0.1437175
1814  -0.2459114
1815  -0.2132164
1816  -0.2509006
1817  -0.1853341
1818  -0.3290962
1819  -0.2097484
1820  -0.3837397
1821  -0.2204317
1822  -0.2855109
1823  -0.2746201
1824  -0.3737998
1825  -0.2077236
1826  -0.1148463
1827  -0.1737094
1828  -0.1543328
1829  -0.2012127
1830  -0.1581466
1831  -0.1719935
1832  -0.1066997
1833  -0.1616375
1834  -0.1721219
1835  -0.3611009
1836  -0.4176475
1837  -0.3980383
1838  -0.4606947
1839  -0.3719875
1840  -0.3832010
1841  -0.2912694
1842  -0.3713963
1843  -0.2940397
1844  -0.3496766
1845  -0.3620554
1846  -0.3059363
1847  -0.2275621
1848  -0.2175752
1849  -0.3688545
1850  -0.2775655
1851  -0.3054258
1852  -0.2103004
1853  -0.2332617
1854  -0.2038376
1855  -0.1961262
1856  -0.3333342
1857  -0.3721556
1858  -0.3072683
1859  -0.2266081
1860  -0.2852511
1861  -0.2921725
1862  -0.1553672
1863  -0.2619547
1864  -0.3003550
1865  -0.3353878
1866  -0.0800218
1867  -0.2287172
1868  -0.2734998
1869  -0.3057709
1870  -0.3357939
1871  -0.2583174
1872  -0.2523246
1873  -0.2431394
1874  -0.2101953
1875  -0.2339845
1876  -0.2419274
1877  -0.2183137
1878  -0.0901268
1879  -0.2615189
1880  -0.2267237
1881  -0.2668078
1882  -0.1664033
1883  -0.1997597
1884  -0.1846817
1885  -0.3069624
1886  -0.0873072
1887  -0.2217020
1888  -0.1531392
1889  -0.1207930
1890  -0.2025332
1891  -0.2214872
1892  -0.2698414
1893  -0.3272488
1894  -0.2444159
1895  -0.1521569
1896  -0.0978141
1897  -0.1662269
1898  -0.1927527
1899  -0.2358074
1900  -0.0462554
1901   0.0366182
1902  -0.2362394
1903  -0.2457023
1904  -0.1794084
1905  -0.1265420
1906  -0.0587415
1907  -0.1459275
1908  -0.2323377
1909  -0.1196486
1910  -0.1906945
1911  -0.0662691
1912  -0.1528868
1913  -0.0675373
1914  -0.1040253
1915  -0.1130814
1916  -0.1993241
1917  -0.2429121
1918  -0.2575881
1919  -0.0786782
1920  -0.2028088
1921  -0.2174765
1922  -0.1179020
1923  -0.1695946
1924  -0.2171531
1925  -0.1518755
1926  -0.1171951
1927  -0.0445231
1928  -0.1065626
1929  -0.2095399
1930  -0.0197798
1931  -0.1667937
1932  -0.0633690
1933  -0.0247106
1934  -0.0796062
1935  -0.0053138
1936  -0.0125188
1937   0.2101179
1938   0.0348077
1939   0.0661575
1940   0.1958190
1941   0.0331049
1942   0.0382552
1943   0.0692908
1944   0.0640246
1945   0.0875125
1946   0.0960108
1947   0.0034697
1948   0.0641273
1949  -0.1416450
1950  -0.0271610
1951   0.0518576
1952   0.0061953
1953   0.0363252
1954   0.0147620
1955   0.0657967
1956   0.0556111
1957   0.1462290
1958   0.2083365
1959   0.1179339
1960   0.0673391
1961   0.1036617
1962  -0.0396154
1963   0.1513906
1964   0.1024950
1965   0.0486281
1966   0.0521905
1967   0.0805393
1968   0.1993729
1969   0.1862473
1970   0.0833796
1971   0.1013385
1972   0.0470086
1973   0.1943539
1974   0.0517632
1975   0.2386439
1976   0.1366059
1977   0.2674264
1978   0.4091454
1979   0.2541392
1980   0.5112746
