Year   Temperature
1820  -0.4771039
1821  -0.0105536
1822  -0.0622126
1823  -0.1052362
1824  -0.1807867
1825  -0.1512177
1826   0.1276193
1827  -0.0504959
1828   0.0906918
1829  -0.0019437
1830   0.0135867
1831  -0.0849595
1832   0.0518441
1833   0.1036938
1834   0.2233379
1835  -0.1622602
1836  -0.0668888
1837  -0.1314513
1838  -0.1780153
1839   0.1117994
1840  -0.1470187
1841  -0.0282656
1842  -0.0673007
1843  -0.1470282
1844   0.0387950
1845   0.0826063
1846   0.1798562
1847  -0.0321504
1848  -0.0076179
1849  -0.0658619
1850  -0.0845711
1851  -0.0622537
1852   0.0484616
1853  -0.0143075
1854  -0.1342107
1855  -0.0612958
1856   0.0795899
1857  -0.0443016
1858  -0.1040831
1859   0.0186844
1860  -0.1868784
1861  -0.2539209
1862  -0.1097490
1863  -0.2371896
1864  -0.3444782
1865   0.0341198
1866   0.0090166
1867  -0.1712899
1868  -0.1889853
1869  -0.2288136
1870  -0.3980853
1871  -0.3086775
1872  -0.1124707
1873  -0.2993010
1874  -0.4013712
1875  -0.3870626
1876   0.0632784
1877  -0.0211637
1878   0.0081501
1879  -0.2852231
1880  -0.0786003
1881  -0.1886253
1882  -0.2284254
1883  -0.3939405
1884  -0.4144769
1885  -0.4276481
1886  -0.1438476
1887  -0.2972283
1888  -0.2950378
1889  -0.1237768
1890  -0.1917889
1891  -0.1543928
1892  -0.2051217
1893  -0.2161901
1894  -0.0789920
1895  -0.1035030
1896  -0.0005735
1897  -0.0107477
1898  -0.1901186
1899  -0.1150266
1900   0.0501792
1901   0.0357105
1902  -0.2319888
1903  -0.3986914
1904  -0.2288924
1905  -0.1049970
1906   0.0107804
1907  -0.3268733
1908  -0.3314250
1909  -0.2741967
1910  -0.1340151
1911  -0.1472790
1912  -0.1869905
1913  -0.1502751
1914  -0.0311452
1915  -0.1478763
1916  -0.1129644
1917  -0.2619939
1918  -0.2600183
1919  -0.2339295
1920  -0.3055814
1921  -0.3090021
1922  -0.2822307
1923  -0.1637435
1924  -0.1169066
1925   0.0474030
1926   0.0452845
1927   0.0685673
1928   0.0669707
1929  -0.1228675
1930   0.0028265
1931  -0.0597529
1932  -0.0746865
1933   0.0708549
1934   0.0745376
1935   0.1200471
1936   0.1025457
1937   0.1327964
1938   0.2124884
1939   0.3192657
1940   0.0365632
1941   0.3128345
1942   0.1096099
1943  -0.0959451
1944   0.1545734
1945   0.1703250
1946   0.0093848
1947   0.3169058
1948   0.0794875
1949   0.0823327
1950  -0.0216456
1951   0.0749150
1952   0.2201645
1953   0.0052789
1954   0.0687218
1955   0.1490562
1956  -0.0213170
1957   0.2084174
1958   0.1717637
1959   0.1204574
1960  -0.0110862
1961  -0.0312982
1962  -0.0924836
1963   0.1033468
1964   0.1616783
1965   0.1057858
1966   0.1525593
1967   0.0410282
1968   0.2571117
1969   0.1533542
1970   0.1573936
1971  -0.0556100
1972  -0.1470448
1973   0.0078347
1974  -0.0557171
1975   0.0167678
1976   0.1348039
1977   0.1387256
1978   0.1348623
1979   0.1321902
1980   0.2678681
