Year   Temperature
1820  -0.5138354
1821  -0.0151971
1822   0.1069742
1823  -0.1387970
1824  -0.0798627
1825  -0.0793596
1826   0.1557790
1827  -0.1147963
1828   0.0577144
1829  -0.1486419
1830   0.0109727
1831  -0.0451783
1832   0.1048858
1833   0.1396895
1834   0.3718201
1835  -0.1726994
1836  -0.0944235
1837  -0.2190793
1838  -0.3993064
1839  -0.0363425
1840  -0.3471685
1841  -0.0704942
1842  -0.0990476
1843  -0.1863189
1844  -0.1495089
1845  -0.0357165
1846   0.2438415
1847  -0.1804668
1848   0.0056122
1849  -0.1169997
1850  -0.1084428
1851  -0.1571714
1852   0.0044772
1853  -0.1325371
1854  -0.1660311
1855  -0.2152262
1856  -0.0832185
1857   0.0017249
1858  -0.0852086
1859   0.1294096
1860  -0.2431077
1861  -0.2165014
1862  -0.2161330
1863  -0.1397351
1864  -0.5266413
1865  -0.0651901
1866  -0.0885416
1867  -0.2548335
1868  -0.0899802
1869  -0.2676123
1870  -0.5519061
1871  -0.4952486
1872  -0.0515935
1873  -0.3057968
1874  -0.4092219
1875  -0.4980111
1876   0.0432983
1877  -0.0675598
1878   0.0914012
1879  -0.3708333
1880  -0.0977196
1881  -0.3267023
1882  -0.1604508
1883  -0.4592654
1884  -0.5197087
1885  -0.6007877
1886  -0.2151636
1887  -0.4594956
1888  -0.6130991
1889  -0.1194810
1890  -0.1501439
1891  -0.1574577
1892  -0.2930815
1893  -0.2563286
1894   0.0272542
1895  -0.1451793
1896  -0.0796800
1897   0.0549189
1898  -0.1396569
1899  -0.0825526
1900   0.1020498
1901  -0.0388341
1902  -0.4915991
1903  -0.4325495
1904  -0.1547209
1905  -0.1836059
1906   0.0483294
1907  -0.3374351
1908  -0.3429927
1909  -0.3136004
1910   0.0094201
1911  -0.0411496
1912  -0.2621208
1913  -0.1484551
1914  -0.0142851
1915  -0.2418783
1916  -0.0401867
1917  -0.3552334
1918  -0.3009741
1919  -0.3199407
1920  -0.2203657
1921  -0.2036833
1922  -0.4012999
1923  -0.1572871
1924  -0.1826789
1925   0.0271853
1926   0.1053267
1927   0.1052380
1928   0.1079099
1929  -0.1735784
1930   0.0807580
1931  -0.0230447
1932   0.0502468
1933   0.1627137
1934   0.3508669
1935   0.2047331
1936   0.1598609
1937   0.2127252
1938   0.3852825
1939   0.3893793
1940  -0.1391630
1941   0.0550477
1942  -0.0363592
1943  -0.0993682
1944   0.1614299
1945   0.2571398
1946   0.0171310
1947   0.3685548
1948   0.2171199
1949   0.2626630
1950   0.1545238
1951   0.1207336
1952   0.1829506
1953   0.1125455
1954   0.0494266
1955   0.0798269
1956  -0.1843526
1957   0.1603446
1958   0.1443936
1959   0.2487756
1960  -0.0286593
1961   0.0888869
1962  -0.1956813
1963  -0.0456319
1964   0.0983116
1965  -0.0464749
1966  -0.0032416
1967   0.1011401
1968   0.2575007
1969  -0.0441166
1970   0.0953709
1971  -0.0760999
1972  -0.2228590
1973   0.0598853
1974   0.1321414
1975   0.1994952
1976   0.0945445
1977   0.1641397
1978   0.0337584
1979   0.0579257
1980   0.0889890
