Year   Temperature
1500  -0.1909111
1501  -0.2036737
1502  -0.2590164
1503  -0.1080392
1504  -0.0960774
1505  -0.1772201
1506  -0.1730905
1507  -0.0659711
1508  -0.0425196
1509  -0.0115747
1510   0.0631404
1511   0.0312068
1512  -0.0557786
1513  -0.1668865
1514  -0.1227199
1515  -0.1592894
1516  -0.0742206
1517  -0.1328687
1518  -0.2629600
1519  -0.2058911
1520  -0.1440290
1521  -0.0991185
1522  -0.2315702
1523  -0.1205177
1524  -0.1070813
1525  -0.0461834
1526  -0.0880565
1527  -0.0330461
1528  -0.1954519
1529  -0.1729499
1530  -0.0452878
1531  -0.0174577
1532  -0.0772944
1533  -0.1580522
1534  -0.1610617
1535  -0.0594088
1536  -0.1120044
1537  -0.1574567
1538  -0.1958570
1539  -0.0593224
1540  -0.1437553
1541  -0.1790814
1542  -0.1115948
1543  -0.1945775
1544  -0.1720706
1545  -0.1334290
1546  -0.0665071
1547  -0.2190807
1548  -0.2097598
1549  -0.2243415
1550  -0.1645938
1551  -0.1470269
1552  -0.1621263
1553  -0.1785513
1554  -0.0518941
1555  -0.0548287
1556  -0.0302494
1557  -0.1182765
1558  -0.1991454
1559  -0.1052603
1560  -0.1361523
1561  -0.1680823
1562  -0.0907264
1563   0.0042978
1564   0.0388657
1565  -0.0172192
1566   0.0215475
1567  -0.1092916
1568  -0.0292280
1569  -0.0671955
1570  -0.0669460
1571  -0.0807353
1572  -0.1587214
1573  -0.1725671
1574  -0.0202543
1575  -0.1262828
1576  -0.1141955
1577  -0.2237258
1578  -0.2935744
1579  -0.2946071
1580  -0.2330480
1581  -0.1755707
1582  -0.0915900
1583  -0.1285379
1584  -0.1114773
1585  -0.1255925
1586  -0.1986998
1587  -0.2823793
1588  -0.2267310
1589  -0.2386020
1590  -0.2971532
1591  -0.2982511
1592  -0.2027575
1593  -0.1596373
1594  -0.1782167
1595  -0.2242852
1596  -0.1670083
1597  -0.1475069
1598  -0.1554813
1599  -0.1552955
1600  -0.2449182
1601  -0.2256443
1602  -0.2746929
1603  -0.2144421
1604  -0.2473233
1605  -0.2503549
1606  -0.2351252
1607  -0.2610011
1608  -0.1642145
1609  -0.1752519
1610  -0.1815324
1611  -0.2190260
1612  -0.2528064
1613  -0.3043944
1614  -0.1981115
1615  -0.2885908
1616  -0.1293403
1617  -0.0362122
1618  -0.2428275
1619  -0.0184535
1620  -0.1514920
1621  -0.1626597
1622  -0.2394857
1623  -0.1950553
1624  -0.2516207
1625  -0.1737687
1626  -0.2798037
1627  -0.2107038
1628  -0.1166941
1629  -0.2388797
1630  -0.2361353
1631  -0.3241409
1632  -0.3064376
1633  -0.2766714
1634  -0.1961496
1635  -0.2248703
1636  -0.0928894
1637  -0.1172461
1638  -0.1276941
1639  -0.1806410
1640   0.0368760
1641  -0.2246403
1642  -0.3043839
1643  -0.1617924
1644  -0.3301933
1645  -0.2783908
1646  -0.2526456
1647  -0.3627941
1648  -0.1490335
1649  -0.2019058
1650  -0.1875401
1651  -0.1627780
1652  -0.1726989
1653  -0.2817258
1654  -0.2528684
1655  -0.2012406
1656  -0.0839759
1657  -0.0739214
1658  -0.1278607
1659  -0.1760607
1660  -0.2194643
1661  -0.1149108
1662  -0.0384628
1663  -0.3098717
1664  -0.2463986
1665  -0.1664295
1666  -0.1696409
1667  -0.2951346
1668  -0.2530319
1669  -0.2840814
1670  -0.3183464
1671  -0.2435036
1672  -0.3750399
1673  -0.3136798
1674  -0.2612133
1675  -0.2371561
1676  -0.3269434
1677  -0.2971628
1678  -0.2454408
1679  -0.2297174
1680  -0.2495767
1681  -0.3060978
1682  -0.1333425
1683  -0.1617933
1684  -0.1616087
1685  -0.2493753
1686  -0.2421629
1687  -0.2630886
1688  -0.2695460
1689  -0.2135855
1690  -0.2224196
1691  -0.0746073
1692  -0.2225338
1693  -0.1386122
1694  -0.0841167
1695  -0.1677715
1696  -0.1372495
1697  -0.1327749
1698  -0.1946159
1699  -0.2502500
1700  -0.2744549
1701  -0.2939583
1702  -0.2399777
1703  -0.3686790
1704  -0.3678831
1705  -0.3800864
1706  -0.3234625
1707  -0.2428769
1708  -0.3382590
1709  -0.1529584
1710  -0.1818991
1711  -0.2004140
1712  -0.1808506
1713  -0.1270939
1714  -0.2388836
1715  -0.2382272
1716  -0.2615200
1717  -0.1907196
1718  -0.1865760
1719  -0.1822002
1720  -0.2849030
1721  -0.2251141
1722  -0.2210051
1723  -0.2064328
1724   0.0017731
1725  -0.1930956
1726  -0.1558889
1727  -0.0958974
1728  -0.1059028
1729  -0.1061868
1730  -0.0878079
1731  -0.1749259
1732  -0.2193480
1733  -0.1948576
1734  -0.1907837
1735  -0.1670137
1736  -0.2028173
1737  -0.1921110
1738  -0.0549694
1739  -0.1907197
1740  -0.1153026
1741  -0.0265767
1742  -0.1996133
1743  -0.1407380
1744  -0.2439641
1745  -0.2024692
1746  -0.2777401
1747  -0.1786079
1748  -0.0647343
1749  -0.0671153
1750  -0.2148220
1751  -0.0982841
1752  -0.1757968
1753  -0.1817446
1754  -0.0496985
1755  -0.2152269
1756  -0.1322287
1757  -0.1990127
1758  -0.2822927
1759  -0.2155884
1760  -0.0567659
1761  -0.1264199
1762  -0.1655115
1763  -0.2166705
1764  -0.2386733
1765  -0.2333182
1766  -0.1423011
1767  -0.0373668
1768  -0.1817596
1769  -0.2078264
1770  -0.1635031
1771  -0.0239947
1772  -0.0826926
1773  -0.0944203
1774  -0.0367999
1775  -0.0063050
1776  -0.0594671
1777  -0.1219260
1778  -0.1028373
1779  -0.0537721
1780  -0.1191746
1781  -0.0479308
1782  -0.2542750
1783  -0.1074845
1784  -0.0556511
1785  -0.0878570
1786  -0.0703112
1787  -0.1270998
1788  -0.1066271
1789  -0.0996985
1790  -0.1226710
1791  -0.0753345
1792  -0.1433143
1793  -0.0408322
1794  -0.1604383
1795  -0.1453654
1796  -0.0498909
1797  -0.1557467
1798  -0.1409688
1799  -0.1502751
1800  -0.0861208
1801   0.0311507
1802  -0.1808758
1803  -0.1214207
1804  -0.0172642
1805   0.0193803
1806  -0.0104532
1807  -0.0467715
1808  -0.0150986
1809  -0.0243587
1810  -0.1015473
1811  -0.0773082
1812  -0.1905198
1813  -0.1339625
1814  -0.2143236
1815  -0.1971874
1816  -0.2293820
1817  -0.1822614
1818  -0.2800318
1819  -0.2076201
1820  -0.3557766
1821  -0.2047348
1822  -0.2653881
1823  -0.2412555
1824  -0.3474002
1825  -0.2084562
1826  -0.1230613
1827  -0.1306037
1828  -0.1521595
1829  -0.1677749
1830  -0.1322952
1831  -0.1452740
1832  -0.1017122
1833  -0.1452607
1834  -0.1583164
1835  -0.3308348
1836  -0.3711692
1837  -0.3487523
1838  -0.4438240
1839  -0.3706515
1840  -0.3696608
1841  -0.2803205
1842  -0.3499531
1843  -0.2993142
1844  -0.3258765
1845  -0.3367788
1846  -0.2842901
1847  -0.1944023
1848  -0.1907476
1849  -0.3566540
1850  -0.2994188
1851  -0.2949657
1852  -0.1838493
1853  -0.2327535
1854  -0.1942931
1855  -0.2132779
1856  -0.3271657
1857  -0.3580193
1858  -0.2912988
1859  -0.2084209
1860  -0.2653099
1861  -0.2819782
1862  -0.1567007
1863  -0.2489504
1864  -0.2802079
1865  -0.2995785
1866  -0.0875851
1867  -0.2019627
1868  -0.2712796
1869  -0.2995686
1870  -0.3139164
1871  -0.2464849
1872  -0.2671565
1873  -0.2407327
1874  -0.1909208
1875  -0.2267792
1876  -0.2097105
1877  -0.2458607
1878  -0.0873341
1879  -0.2595077
1880  -0.2547450
1881  -0.2631500
1882  -0.1669605
1883  -0.1863310
1884  -0.1713545
1885  -0.2839174
1886  -0.1032852
1887  -0.2223180
1888  -0.1121554
1889  -0.0971923
1890  -0.2040528
1891  -0.2222931
1892  -0.2732922
1893  -0.3083840
1894  -0.2320032
1895  -0.1490789
1896  -0.0710072
1897  -0.1483257
1898  -0.1904547
1899  -0.2307622
1900  -0.0588443
1901   0.0116861
1902  -0.2254173
1903  -0.2348603
1904  -0.1705418
1905  -0.1242755
1906  -0.0762229
1907  -0.1536337
1908  -0.2131047
1909  -0.1310090
1910  -0.2009819
1911  -0.0854755
1912  -0.1526485
1913  -0.0918165
1914  -0.1044433
1915  -0.1469982
1916  -0.2259021
1917  -0.2548580
1918  -0.2027351
1919  -0.0943389
1920  -0.2211757
1921  -0.2449457
1922  -0.1397044
1923  -0.1598889
1924  -0.2361569
1925  -0.1703948
1926  -0.1097840
1927  -0.0581576
1928  -0.1154686
1929  -0.1928104
1930  -0.0321814
1931  -0.1421960
1932  -0.0558155
1933  -0.0415492
1934  -0.0607415
1935  -0.0139525
1936   0.0016577
1937   0.1928452
1938   0.0059101
1939   0.0841469
1940   0.1823839
1941   0.0083354
1942   0.0396069
1943   0.0700109
1944   0.0727517
1945   0.0697742
1946   0.0900441
1947   0.0222471
1948   0.0565445
1949  -0.1048899
1950  -0.0160830
1951   0.0464438
1952   0.0247428
1953   0.0153739
1954   0.0165338
1955   0.0841259
1956   0.0379567
1957   0.1382405
1958   0.2140060
1959   0.1306168
1960   0.0590849
1961   0.1067190
1962  -0.0082984
1963   0.1350912
1964   0.1124066
1965   0.0667290
1966   0.0633316
1967   0.1008972
1968   0.2174517
1969   0.1632366
1970   0.0890543
1971   0.1206432
1972   0.0680420
1973   0.1938540
1974   0.0550831
1975   0.2504821
1976   0.1541827
1977   0.2853890
1978   0.4114097
1979   0.2630093
1980   0.4930612
