Year   Temperature
1500  -0.0816859
1501  -0.1380579
1502  -0.1942871
1503  -0.0291190
1504  -0.0352338
1505  -0.1316551
1506  -0.0832570
1507  -0.0076550
1508   0.0848301
1509   0.0015343
1510   0.0893461
1511  -0.0294108
1512  -0.0422403
1513  -0.0888222
1514  -0.0697220
1515  -0.0791823
1516  -0.0047805
1517  -0.0201676
1518  -0.1502716
1519  -0.2111526
1520  -0.2615509
1521  -0.1885089
1522  -0.1347926
1523  -0.1154648
1524  -0.0701532
1525  -0.1106941
1526  -0.2150487
1527  -0.1036264
1528  -0.1416736
1529  -0.0839742
1530  -0.1268308
1531  -0.1029570
1532  -0.0072521
1533  -0.0864142
1534  -0.1754770
1535  -0.0946603
1536  -0.1937368
1537  -0.1755521
1538  -0.1273352
1539  -0.2226646
1540  -0.2179151
1541  -0.0842836
1542  -0.0530952
1543  -0.1866306
1544  -0.1515430
1545  -0.0705518
1546  -0.0618592
1547  -0.0861609
1548  -0.1056516
1549  -0.1860282
1550  -0.1616216
1551  -0.1463690
1552  -0.1808482
1553  -0.1507604
1554  -0.0543866
1555  -0.1424423
1556  -0.1159260
1557  -0.2022917
1558  -0.0887733
1559  -0.0935639
1560  -0.0558871
1561  -0.1340629
1562   0.0124043
1563   0.0320479
1564  -0.0607019
1565  -0.0778807
1566  -0.1782699
1567  -0.1089461
1568  -0.0235711
1569   0.0147734
1570  -0.0556415
1571  -0.1110235
1572  -0.0803908
1573  -0.0410336
1574  -0.0934036
1575  -0.0516664
1576   0.0101747
1577  -0.1481426
1578  -0.1137095
1579  -0.1097945
1580  -0.1869374
1581  -0.1096454
1582  -0.0228348
1583  -0.1909431
1584  -0.0809518
1585  -0.1146831
1586  -0.1299754
1587  -0.2963451
1588  -0.2013113
1589  -0.2919529
1590  -0.2510544
1591  -0.3476780
1592  -0.2170629
1593  -0.2199050
1594  -0.2887838
1595  -0.3131420
1596  -0.2220196
1597  -0.2795237
1598  -0.2045376
1599  -0.1595444
1600  -0.1289265
1601  -0.1755007
1602  -0.2031062
1603  -0.1944794
1604  -0.2726234
1605  -0.1998637
1606  -0.2250587
1607  -0.3501359
1608  -0.3399527
1609  -0.1856951
1610  -0.2080702
1611  -0.2300128
1612  -0.2540055
1613  -0.2193053
1614  -0.2172117
1615  -0.2968544
1616  -0.2243883
1617  -0.1005463
1618  -0.2994343
1619  -0.1280052
1620  -0.2528958
1621  -0.2368857
1622  -0.1725902
1623  -0.0747933
1624  -0.2041271
1625  -0.0936751
1626  -0.0905519
1627  -0.1544444
1628  -0.0858932
1629  -0.1710988
1630  -0.2126710
1631  -0.1859157
1632  -0.2605810
1633  -0.3470275
1634  -0.2702724
1635  -0.2967184
1636  -0.2270914
1637  -0.0953136
1638  -0.1103322
1639  -0.0937467
1640  -0.0115867
1641  -0.2119737
1642  -0.2045304
1643  -0.2141245
1644  -0.2554652
1645  -0.2724336
1646  -0.2340768
1647  -0.3667035
1648  -0.1891098
1649  -0.1178456
1650  -0.1475958
1651  -0.1595592
1652  -0.2476000
1653  -0.1967085
1654  -0.1326218
1655  -0.0795679
1656  -0.1263038
1657  -0.1406803
1658  -0.0824100
1659  -0.1668516
1660  -0.1465274
1661  -0.1026372
1662  -0.0545871
1663  -0.2028896
1664  -0.1078761
1665  -0.0400821
1666  -0.1836109
1667  -0.1855524
1668  -0.1419241
1669  -0.2123749
1670  -0.2392885
1671  -0.2742229
1672  -0.2702277
1673  -0.2379026
1674  -0.2681653
1675  -0.1922270
1676  -0.2354004
1677  -0.2398984
1678  -0.1131338
1679  -0.1142001
1680  -0.1191034
1681  -0.2410765
1682  -0.1643029
1683  -0.1236144
1684  -0.0908354
1685  -0.1111668
1686  -0.1315835
1687  -0.3113744
1688  -0.2680820
1689  -0.1408399
1690  -0.1556389
1691  -0.0673991
1692  -0.1859335
1693  -0.1974677
1694  -0.1714103
1695  -0.2223266
1696  -0.0747354
1697  -0.1123893
1698  -0.0737153
1699  -0.2839339
1700  -0.2406312
1701  -0.3520849
1702  -0.2112092
1703  -0.2643870
1704  -0.2695546
1705  -0.3095544
1706  -0.2926682
1707  -0.1172930
1708  -0.2283408
1709  -0.1949089
1710  -0.2417782
1711  -0.1804063
1712  -0.2287605
1713  -0.1687963
1714  -0.2196781
1715  -0.1806206
1716  -0.0736265
1717  -0.1182281
1718  -0.2298059
1719  -0.2250995
1720  -0.3988190
1721  -0.1896791
1722  -0.3521587
1723  -0.3158697
1724  -0.1662304
1725  -0.1477873
1726  -0.1983935
1727  -0.1041975
1728  -0.1850607
1729  -0.0827528
1730  -0.1001867
1731  -0.0986605
1732  -0.0481960
1733  -0.1131912
1734  -0.1281404
1735  -0.0384151
1736  -0.0939008
1737  -0.1672734
1738  -0.1681469
1739  -0.1934495
1740  -0.1572712
1741  -0.1260020
1742  -0.0699961
1743  -0.0683142
1744  -0.1648510
1745  -0.1840613
1746  -0.3317964
1747  -0.2787531
1748  -0.1398643
1749  -0.1511440
1750  -0.2429022
1751  -0.1424199
1752  -0.1356151
1753  -0.0679911
1754   0.0616529
1755  -0.1249994
1756  -0.1242648
1757  -0.0197611
1758  -0.1196386
1759  -0.1528269
1760  -0.0853486
1761  -0.0373260
1762  -0.1710334
1763  -0.1599511
1764  -0.1988809
1765  -0.1922532
1766  -0.0882251
1767  -0.1361548
1768  -0.1275074
1769  -0.1730184
1770  -0.0891440
1771  -0.0511746
1772  -0.1381698
1773  -0.0730243
1774  -0.0165799
1775   0.0392585
1776   0.0675856
1777  -0.0023831
1778  -0.0679523
1779   0.0112944
1780  -0.0734708
1781  -0.0389921
1782  -0.1726834
1783  -0.1709874
1784  -0.1735209
1785  -0.1291232
1786  -0.0017512
1787  -0.1339684
1788  -0.1161308
1789  -0.0836209
1790  -0.0668159
1791  -0.1050367
1792  -0.2893760
1793  -0.0687484
1794  -0.2369669
1795  -0.1791246
1796  -0.0912005
1797  -0.1638714
1798  -0.0312502
1799  -0.1360429
1800  -0.1056722
1801   0.0017615
1802  -0.1982067
1803  -0.0838696
1804   0.0110961
1805  -0.0797002
1806  -0.0168451
1807   0.0424842
1808   0.0638754
1809  -0.0060720
1810  -0.0035625
1811  -0.0824551
1812  -0.2309763
1813  -0.0142750
1814  -0.2398427
1815  -0.1866275
1816  -0.2838779
1817  -0.1436957
1818  -0.2273886
1819  -0.1400565
1820  -0.1391370
1821  -0.2397250
1822  -0.2226330
1823  -0.1704626
1824  -0.2792997
1825  -0.1594803
1826  -0.2452485
1827  -0.2336489
1828  -0.1645516
1829  -0.2346385
1830  -0.1781308
1831  -0.1351045
1832  -0.1129389
1833  -0.1615618
1834  -0.2843191
1835  -0.3530831
1836  -0.3532980
1837  -0.4609314
1838  -0.4216840
1839  -0.5030616
1840  -0.4068054
1841  -0.3625307
1842  -0.2684441
1843  -0.2817420
1844  -0.3406237
1845  -0.4112261
1846  -0.2692688
1847  -0.2045743
1848  -0.2315037
1849  -0.3856079
1850  -0.3414611
1851  -0.2893542
1852  -0.2934910
1853  -0.3095994
1854  -0.2134586
1855  -0.2747741
1856  -0.4517993
1857  -0.3621813
1858  -0.2249401
1859  -0.2001002
1860  -0.2710031
1861  -0.1515499
1862  -0.1496046
1863  -0.1920887
1864  -0.2276681
1865  -0.3134603
1866  -0.2344696
1867  -0.2314485
1868  -0.2332258
1869  -0.3859502
1870  -0.2936691
1871  -0.1517396
1872  -0.1942757
1873  -0.1709982
1874  -0.1653746
1875  -0.1706600
1876  -0.2217073
1877  -0.3592860
1878  -0.2403111
1879  -0.2719290
1880  -0.2198836
1881  -0.3606943
1882  -0.1862212
1883  -0.1422260
1884  -0.1115660
1885  -0.3462994
1886  -0.0735689
1887  -0.3209253
1888  -0.2107210
1889  -0.1539613
1890  -0.1719954
1891  -0.2782187
1892  -0.2965277
1893  -0.2194406
1894  -0.1899669
1895  -0.1177639
1896  -0.1713873
1897  -0.2908284
1898  -0.2842406
1899  -0.1931593
1900  -0.1376250
1901  -0.0926836
1902  -0.2773627
1903  -0.2274473
1904  -0.1649753
1905  -0.3617428
1906  -0.2170146
1907  -0.2381181
1908  -0.1920632
1909  -0.1315336
1910  -0.1311742
1911  -0.2087699
1912  -0.2470907
1913  -0.1353370
1914  -0.3006866
1915  -0.2073018
1916  -0.2442088
1917  -0.1710627
1918  -0.1322206
1919  -0.1402605
1920  -0.1467870
1921  -0.1231671
1922   0.0035465
1923  -0.1014626
1924  -0.1631253
1925  -0.1887720
1926  -0.2345656
1927  -0.0829870
1928  -0.0937085
1929  -0.0978776
1930  -0.0570753
1931  -0.1197556
1932  -0.0728539
1933   0.0135940
1934   0.0682401
1935   0.0030386
1936  -0.0154234
1937   0.1529602
1938  -0.0202806
1939   0.0618433
1940   0.0737996
1941  -0.1212174
1942  -0.0496187
1943   0.1405319
1944   0.0034785
1945   0.1289512
1946   0.2193725
1947  -0.0425902
1948   0.0888043
1949  -0.1002736
1950   0.1107062
1951   0.0990333
1952  -0.0050250
1953   0.1365752
1954   0.1343076
1955   0.1142530
1956   0.0746574
1957   0.1116857
1958   0.1601304
1959   0.2054074
1960   0.1343794
1961   0.1905087
1962  -0.0205033
1963   0.0926751
1964   0.0941576
1965   0.0467405
1966   0.0232931
1967   0.0299856
1968   0.0957784
1969   0.1060201
1970   0.0809204
1971   0.2580282
1972   0.1358522
1973   0.2716775
1974   0.2512755
1975   0.2915467
1976   0.2123313
1977   0.2294216
1978   0.3335253
1979   0.2073395
1980   0.3950663
