Year   Temperature
1650   0.0203962
1651  -0.0608709
1652  -0.0668163
1653   0.0104082
1654   0.0265044
1655   0.0703456
1656   0.1406755
1657   0.0599911
1658   0.0830218
1659   0.0563199
1660   0.1408136
1661  -0.0334630
1662  -0.0546970
1663  -0.0917082
1664  -0.1499336
1665  -0.1320379
1666  -0.1988302
1667  -0.2783650
1668  -0.2474639
1669  -0.2192433
1670  -0.1200575
1671  -0.2015171
1672  -0.2501660
1673  -0.3505914
1674  -0.3206893
1675  -0.3230712
1676  -0.2502979
1677  -0.2906873
1678  -0.1843042
1679  -0.3589077
1680  -0.3764918
1681  -0.0710912
1682  -0.1559870
1683  -0.2240376
1684  -0.2101116
1685  -0.3746331
1686  -0.2469988
1687  -0.1723383
1688  -0.1556615
1689  -0.1153496
1690   0.0223950
1691   0.0314525
1692  -0.1594235
1693   0.0126886
1694  -0.0264788
1695  -0.3465824
1696  -0.2794984
1697  -0.1304770
1698  -0.3784395
1699  -0.4069143
1700  -0.3602135
1701  -0.3194003
1702  -0.1719196
1703  -0.1080242
1704  -0.0610451
1705  -0.4172438
1706  -0.3462457
1707  -0.1711589
1708  -0.1325175
1709  -0.1994232
1710  -0.2989769
1711  -0.2558020
1712  -0.3188014
1713  -0.2850955
1714  -0.3879530
1715  -0.1382535
1716  -0.0845522
1717  -0.1732665
1718  -0.1484804
1719  -0.0608877
1720   0.0375554
1721  -0.1535309
1722  -0.0502048
1723  -0.0001890
1724  -0.0064029
1725  -0.2009002
1726  -0.1384142
1727   0.1229494
1728  -0.0474756
1729   0.1009467
1730  -0.0083141
1731  -0.0611944
1732  -0.2467272
1733  -0.1089132
1734  -0.2435769
1735  -0.0508907
1736  -0.0711485
1737  -0.1416021
1738  -0.2006389
1739  -0.0681133
1740  -0.1398746
1741  -0.0978176
1742  -0.1337708
1743  -0.3123066
1744  -0.3514552
1745  -0.0717547
1746  -0.2449208
1747  -0.2909238
1748  -0.0861824
1749  -0.0741873
1750  -0.0432998
1751  -0.2292108
1752   0.0734980
1753  -0.0268968
1754   0.0194265
1755  -0.1185447
1756   0.1194907
1757   0.0431748
1758  -0.0020821
1759   0.1012574
1760   0.0973687
1761  -0.1802407
1762  -0.1828637
1763  -0.0045685
1764  -0.0375958
1765  -0.0489210
1766  -0.0915745
1767  -0.0810208
1768  -0.0647219
1769  -0.1316430
1770   0.0633796
1771   0.0015398
1772  -0.0066014
1773  -0.0554647
1774   0.1645887
1775   0.0491659
1776   0.0864683
1777  -0.0433116
1778   0.0174972
1779  -0.2779128
1780  -0.1665205
1781   0.1176708
1782   0.1073247
1783  -0.0755180
1784  -0.1950506
1785  -0.2057887
1786  -0.1505431
1787  -0.2738108
1788   0.0005407
1789  -0.1596761
1790  -0.1627223
1791  -0.0837628
1792  -0.0748012
1793  -0.1390983
1794  -0.0434468
1795  -0.1182075
1796  -0.0520891
1797  -0.1488479
1798   0.0036858
1799  -0.1840043
1800  -0.1964494
1801  -0.2575391
1802  -0.2022614
1803  -0.2359643
1804   0.0022998
1805  -0.1294400
1806  -0.0973925
1807  -0.1409618
1808   0.0254361
1809  -0.1074011
1810  -0.2774393
1811  -0.2646169
1812  -0.2511333
1813  -0.2911098
1814  -0.2141450
1815  -0.3793311
1816  -0.3618359
1817  -0.4963282
1818  -0.3158744
1819  -0.2275665
1820  -0.3034579
1821  -0.4428840
1822  -0.3427294
1823  -0.2667631
1824  -0.3576032
1825  -0.2969525
1826  -0.1980242
1827  -0.2697954
1828  -0.1014525
1829  -0.0838178
1830  -0.2116572
1831  -0.1302158
1832  -0.2548039
1833  -0.2695827
1834  -0.0251482
1835  -0.3154640
1836  -0.3004636
1837  -0.4288602
1838  -0.3666217
1839  -0.4100259
1840  -0.3358378
1841  -0.3609531
1842  -0.2682667
1843  -0.2583429
1844  -0.2372512
1845  -0.2531665
1846  -0.2367652
1847  -0.0424440
1848  -0.2021642
1849  -0.2676283
1850  -0.2690806
1851  -0.1855426
1852  -0.2368180
1853  -0.2610255
1854  -0.2925251
1855  -0.2277657
1856  -0.2378918
1857  -0.2464077
1858  -0.1413058
1859  -0.1317245
1860  -0.2761861
1861  -0.0718020
1862  -0.3404472
1863  -0.1119394
1864  -0.3133796
1865  -0.1693327
1866  -0.3525259
1867  -0.2145243
1868  -0.2906887
1869  -0.2838256
1870  -0.2104011
1871  -0.1906440
1872  -0.2332021
1873  -0.1541756
1874  -0.2255360
1875  -0.2111083
1876  -0.1856318
1877  -0.1842607
1878  -0.1954406
1879  -0.1644720
1880  -0.1349794
1881  -0.1685349
1882  -0.2016343
1883  -0.1993208
1884  -0.2539570
1885  -0.3023014
1886  -0.1806300
1887  -0.2161748
1888  -0.2220268
1889  -0.0902898
1890  -0.2692900
1891  -0.1990360
1892  -0.2237946
1893  -0.2340552
1894  -0.0972941
1895  -0.1186951
1896  -0.0658491
1897  -0.1689424
1898  -0.2119223
1899  -0.2287908
1900  -0.1562339
1901  -0.2496436
1902  -0.0990943
1903  -0.1827577
1904  -0.1739469
1905  -0.4242147
1906  -0.2529605
1907  -0.3671695
1908  -0.2833512
1909  -0.4666595
1910  -0.2134671
1911  -0.3187266
1912  -0.3934948
1913  -0.3460149
1914  -0.3039575
1915  -0.2659338
1916  -0.2935129
1917  -0.4158048
1918  -0.3626891
1919  -0.2586653
1920  -0.3105202
1921  -0.0887670
1922  -0.2208426
1923  -0.0341902
1924  -0.1584869
1925  -0.0406815
1926  -0.0578165
1927  -0.0619829
1928   0.0547076
1929   0.0204264
1930   0.0780232
1931   0.0828277
1932   0.0322684
1933   0.1108082
1934   0.4182644
1935   0.2872591
1936   0.2207809
1937   0.0783823
1938   0.2811000
1939   0.2957623
1940   0.0127069
1941   0.1093207
1942   0.0826765
1943   0.1742844
1944   0.2478375
1945   0.1739146
1946   0.4037131
1947   0.3015359
1948   0.2638750
1949   0.0263934
1950   0.2415682
1951   0.1702476
1952   0.2461274
1953   0.1177709
1954   0.2370843
1955   0.2348429
1956   0.1682243
1957  -0.1700047
1958   0.2099704
1959   0.2882316
1960   0.4296685
1961   0.3460495
1962   0.0778541
1963   0.0535637
1964   0.1151177
1965  -0.2013270
1966   0.0740170
1967  -0.1012781
1968  -0.0472403
1969  -0.0982327
1970  -0.1427986
1971   0.0307457
1972  -0.1739146
1973  -0.0552863
1974   0.0533395
1975   0.0307776
1976   0.0689695
1977   0.2599074
1978   0.0452399
1979   0.0417008
1980   0.0879039
