Year   Temperature
1400  -0.1323
1401  -0.1816
1402  -0.0291
1403   0.0352
1404  -0.1101
1405   0.0808
1406   0.1917
1407   0.1700
1408   0.1656
1409   0.0683
1410   0.0171
1411   0.0508
1412  -0.0771
1413   0.0456
1414   0.0868
1415   0.2398
1416   0.2375
1417  -0.0146
1418   0.2317
1419   0.1972
1420  -0.0071
1421   0.0673
1422   0.1092
1423   0.1517
1424   0.2421
1425   0.2603
1426   0.2131
1427   0.1581
1428   0.2670
1429  -0.0440
1430   0.3019
1431   0.1803
1432   0.0703
1433   0.0245
1434   0.2716
1435   0.1202
1436   0.2204
1437   0.2083
1438   0.0801
1439  -0.1284
1440  -0.0827
1441   0.0814
1442   0.0939
1443   0.1227
1444   0.2207
1445   0.0213
1446  -0.0926
1447  -0.0221
1448  -0.2877
1449  -0.3351
1450  -0.2478
1451  -0.2690
1452  -0.0862
1453  -0.2271
1454   0.1183
1455  -0.2045
1456  -0.1276
1457  -0.0987
1458  -0.3085
1459  -0.3921
1460  -0.2400
1461  -0.3091
1462  -0.4449
1463  -0.3599
1464  -0.4423
1465  -0.2268
1466  -0.4457
1467  -0.3475
1468  -0.1310
1469  -0.1435
1470  -0.0746
1471  -0.2836
1472  -0.2148
1473  -0.1612
1474   0.0377
1475  -0.1450
1476  -0.0775
1477  -0.1751
1478  -0.1320
1479  -0.0176
1480   0.0417
1481  -0.2331
1482  -0.1077
1483  -0.1139
1484   0.0743
1485  -0.0449
1486  -0.1472
1487  -0.0824
1488   0.1068
1489   0.0750
1490   0.1010
1491   0.1646
1492   0.0387
1493   0.0875
1494   0.0697
1495   0.0273
1496   0.1476
1497  -0.0040
1498   0.0681
1499   0.0314
1500   0.0629
1501   0.0192
1502  -0.1539
1503   0.0198
1504   0.0648
1505   0.0229
1506  -0.0933
1507  -0.0098
1508   0.0632
1509   0.1274
1510   0.1956
1511   0.1076
1512   0.1653
1513   0.0527
1514  -0.0039
1515  -0.0853
1516  -0.1292
1517  -0.0643
1518  -0.0508
1519  -0.2080
1520  -0.2360
1521  -0.1184
1522  -0.1042
1523  -0.1066
1524  -0.1929
1525  -0.0331
1526  -0.1950
1527  -0.1467
1528  -0.1636
1529  -0.1608
1530  -0.1090
1531  -0.0902
1532   0.0347
1533   0.0990
1534  -0.0687
1535  -0.1297
1536  -0.0547
1537  -0.2052
1538  -0.1122
1539  -0.1179
1540   0.0363
1541   0.0628
1542   0.1081
1543  -0.1711
1544  -0.1170
1545  -0.0372
1546   0.0042
1547   0.0675
1548  -0.0538
1549  -0.1657
1550  -0.0193
1551   0.1203
1552   0.0859
1553   0.0021
1554  -0.0154
1555  -0.0881
1556   0.1271
1557  -0.1114
1558   0.0376
1559   0.0586
1560  -0.1900
1561   0.0063
1562   0.0787
1563   0.1260
1564   0.1876
1565   0.1087
1566   0.2093
1567  -0.0207
1568  -0.0009
1569   0.1510
1570  -0.0413
1571  -0.0662
1572  -0.1184
1573  -0.2000
1574  -0.1186
1575   0.0031
1576  -0.1133
1577  -0.3660
1578  -0.2661
1579  -0.3230
1580  -0.1366
1581  -0.2234
1582   0.1283
1583  -0.0800
1584  -0.1547
1585  -0.1456
1586  -0.0950
1587  -0.3475
1588  -0.1556
1589  -0.2649
1590  -0.1536
1591  -0.0925
1592  -0.1563
1593  -0.2576
1594  -0.2892
1595  -0.1789
1596  -0.3321
1597  -0.2331
1598  -0.0005
1599   0.0906
1600   0.0039
1601  -0.1681
1602  -0.2606
1603  -0.1677
1604  -0.2679
1605  -0.2026
1606  -0.2711
1607  -0.3052
1608  -0.4414
1609  -0.2428
1610  -0.1620
1611  -0.0918
1612  -0.1781
1613  -0.1073
1614  -0.1292
1615  -0.2998
1616  -0.0381
1617  -0.1161
1618  -0.1775
1619  -0.0793
1620  -0.2464
1621  -0.2149
1622  -0.1242
1623  -0.0722
1624  -0.1214
1625  -0.1354
1626  -0.0886
1627  -0.1693
1628  -0.0930
1629  -0.0401
1630  -0.0260
1631  -0.0896
1632  -0.1108
1633  -0.1285
1634  -0.1435
1635  -0.2016
1636  -0.0576
1637  -0.0523
1638   0.0250
1639  -0.1411
1640  -0.0505
1641  -0.2477
1642  -0.2873
1643  -0.2551
1644  -0.1734
1645  -0.2386
1646  -0.2302
1647  -0.3348
1648  -0.1741
1649  -0.1967
1650  -0.1833
1651  -0.2481
1652  -0.2753
1653  -0.1126
1654  -0.1370
1655  -0.1095
1656  -0.0339
1657  -0.1719
1658  -0.1192
1659  -0.1464
1660  -0.1239
1661  -0.1629
1662  -0.1024
1663  -0.1802
1664  -0.3309
1665  -0.1535
1666  -0.2016
1667  -0.3343
1668  -0.2069
1669  -0.1762
1670  -0.2199
1671  -0.3162
1672  -0.2590
1673  -0.3253
1674  -0.2617
1675  -0.1922
1676  -0.2675
1677  -0.2691
1678  -0.1904
1679  -0.3089
1680  -0.2253
1681  -0.2001
1682  -0.1532
1683  -0.1963
1684  -0.2466
1685  -0.3538
1686  -0.2182
1687  -0.3424
1688  -0.2984
1689  -0.1263
1690  -0.0718
1691  -0.1262
1692  -0.2628
1693  -0.1361
1694  -0.1640
1695  -0.2945
1696  -0.2463
1697  -0.1751
1698  -0.2005
1699  -0.1849
1700  -0.2694
1701  -0.3241
1702  -0.2365
1703  -0.1725
1704  -0.1060
1705  -0.1739
1706  -0.2157
1707  -0.1203
1708  -0.0550
1709  -0.2018
1710  -0.1571
1711  -0.2107
1712  -0.1179
1713  -0.1282
1714  -0.3268
1715  -0.1860
1716  -0.1616
1717  -0.1928
1718  -0.1530
1719  -0.1046
1720  -0.1842
1721  -0.2029
1722  -0.2844
1723  -0.1692
1724  -0.0485
1725  -0.1740
1726  -0.0733
1727   0.0810
1728  -0.0896
1729  -0.0177
1730  -0.0316
1731  -0.0642
1732  -0.1101
1733  -0.0570
1734  -0.1780
1735  -0.1214
1736  -0.1393
1737  -0.1281
1738  -0.1723
1739  -0.1848
1740  -0.2463
1741  -0.0806
1742  -0.1223
1743  -0.2002
1744  -0.2479
1745  -0.1509
1746  -0.2012
1747  -0.1576
1748  -0.1382
1749   0.0236
1750  -0.1164
1751  -0.1420
1752  -0.0548
1753  -0.0716
1754   0.0457
1755  -0.0731
1756  -0.1103
1757   0.0051
1758  -0.1181
1759  -0.0472
1760  -0.0421
1761  -0.0720
1762  -0.1498
1763  -0.1416
1764  -0.1932
1765  -0.1436
1766   0.0190
1767  -0.0102
1768  -0.0489
1769  -0.1052
1770  -0.0485
1771  -0.0224
1772  -0.0028
1773  -0.0482
1774   0.0140
1775   0.1608
1776  -0.0033
1777  -0.1587
1778  -0.0637
1779  -0.0669
1780  -0.1008
1781   0.0520
1782  -0.1056
1783  -0.0752
1784  -0.2034
1785  -0.2246
1786  -0.1399
1787  -0.1430
1788  -0.0513
1789   0.0034
1790   0.0157
1791   0.0240
1792  -0.0535
1793  -0.0190
1794  -0.0167
1795  -0.0979
1796  -0.0897
1797  -0.1186
1798  -0.0192
1799  -0.1761
1800  -0.1633
1801  -0.0155
1802  -0.1054
1803  -0.0563
1804  -0.0250
1805  -0.0831
1806  -0.0258
1807   0.0466
1808   0.0268
1809  -0.0715
1810  -0.0735
1811  -0.0153
1812  -0.2401
1813  -0.1329
1814  -0.1367
1815  -0.2212
1816  -0.3156
1817  -0.3007
1818  -0.2284
1819  -0.1379
1820  -0.2506
1821  -0.2424
1822  -0.1564
1823  -0.2240
1824  -0.1588
1825  -0.1829
1826   0.0185
1827  -0.2297
1828  -0.1132
1829  -0.2389
1830  -0.0824
1831  -0.0405
1832  -0.1494
1833  -0.1928
1834  -0.1238
1835  -0.3329
1836  -0.3045
1837  -0.4130
1838  -0.4130
1839  -0.3424
1840  -0.2873
1841  -0.2407
1842  -0.1861
1843  -0.2706
1844  -0.2641
1845  -0.2884
1846  -0.1628
1847  -0.1462
1848  -0.2624
1849  -0.3538
1850  -0.2818
1851  -0.1983
1852  -0.2135
1853  -0.2111
1854  -0.2315
1855  -0.2463
1856  -0.2814
1857  -0.2134
1858  -0.1633
1859  -0.1049
1860  -0.3461
1861  -0.1157
1862  -0.3393
1863  -0.2076
1864  -0.3412
1865  -0.1341
1866  -0.1662
1867  -0.2071
1868  -0.0841
1869  -0.2141
1870  -0.1611
1871  -0.1653
1872  -0.1169
1873  -0.1117
1874  -0.1021
1875  -0.1316
1876  -0.1359
1877  -0.1544
1878  -0.1541
1879  -0.2826
1880  -0.1597
1881  -0.2647
1882  -0.2097
1883  -0.1948
1884  -0.0866
1885  -0.1990
1886  -0.0629
1887  -0.1446
1888  -0.2287
1889  -0.0536
1890  -0.0666
1891  -0.1207
1892  -0.2880
1893  -0.1301
1894  -0.0755
1895  -0.0423
1896  -0.0944
1897  -0.1106
1898  -0.1815
1899  -0.2197
1900  -0.0985
1901  -0.0768
1902  -0.2546
1903  -0.2580
1904  -0.1702
1905  -0.2363
1906  -0.0649
1907  -0.2645
1908  -0.3016
1909  -0.3117
1910  -0.2180
1911  -0.1155
1912  -0.3156
1913  -0.1633
1914  -0.2321
1915  -0.1786
1916  -0.1798
1917  -0.1581
1918  -0.2091
1919  -0.1896
1920  -0.1733
1921  -0.0218
1922  -0.2541
1923  -0.1392
1924  -0.1933
1925  -0.1252
1926  -0.1391
1927  -0.1301
1928  -0.0470
1929  -0.1754
1930   0.0149
1931  -0.1658
1932  -0.1081
1933  -0.0359
1934   0.0911
1935   0.0445
1936   0.0626
1937   0.1334
1938   0.0978
1939   0.0342
1940  -0.0936
1941  -0.0932
1942   0.0179
1943   0.1276
1944   0.1951
1945   0.1790
1946   0.1305
1947   0.1784
1948   0.1630
1949   0.0637
1950   0.1410
1951   0.1318
1952   0.1083
1953   0.2053
1954   0.1619
1955   0.1504
1956   0.0316
1957   0.1736
1958   0.1545
1959   0.1941
1960   0.2294
1961   0.2344
1962   0.0858
1963   0.1356
1964   0.1151
1965   0.0124
1966   0.0928
1967   0.0734
1968   0.0667
1969   0.1514
1970   0.1220
1971   0.1028
1972   0.0351
1973   0.1678
1974   0.1800
1975   0.1548
1976   0.1773
1977   0.1599
1978   0.1424
1979   0.1906
1980   0.1005
