Year   Temperature
1400   0.0121
1401  -0.0206
1402   0.1958
1403   0.2813
1404   0.2176
1405   0.1443
1406   0.1267
1407   0.2454
1408   0.1044
1409   0.1697
1410   0.0982
1411   0.1827
1412  -0.0588
1413   0.0937
1414   0.0066
1415   0.2921
1416   0.2855
1417  -0.0198
1418   0.1943
1419   0.1846
1420  -0.0594
1421   0.1132
1422   0.0980
1423   0.2252
1424   0.3296
1425   0.3481
1426   0.4257
1427   0.3340
1428   0.3451
1429   0.0260
1430   0.3832
1431   0.3021
1432   0.2966
1433   0.0731
1434   0.2302
1435   0.0676
1436   0.0310
1437   0.2601
1438   0.1353
1439  -0.0798
1440   0.0562
1441   0.2262
1442   0.2390
1443   0.2060
1444   0.2400
1445   0.1175
1446  -0.0472
1447   0.0631
1448  -0.1435
1449  -0.2207
1450   0.0168
1451  -0.1044
1452   0.0947
1453  -0.3129
1454  -0.0129
1455  -0.1773
1456  -0.2692
1457   0.0539
1458  -0.2409
1459  -0.3390
1460  -0.1536
1461  -0.3250
1462  -0.4202
1463  -0.3595
1464  -0.4303
1465  -0.1201
1466  -0.4127
1467  -0.2805
1468  -0.1356
1469  -0.2176
1470  -0.1400
1471  -0.1446
1472  -0.2089
1473  -0.1255
1474   0.0701
1475  -0.1950
1476  -0.0976
1477  -0.2358
1478  -0.1906
1479   0.0602
1480   0.1049
1481  -0.4168
1482  -0.1410
1483  -0.1295
1484   0.2020
1485   0.0264
1486  -0.0064
1487   0.0580
1488   0.2835
1489   0.3598
1490   0.2160
1491   0.4117
1492   0.1370
1493   0.2704
1494   0.1157
1495   0.0709
1496   0.2469
1497  -0.0616
1498   0.0655
1499   0.0735
1500   0.1543
1501   0.0020
1502  -0.2233
1503   0.0038
1504  -0.0290
1505  -0.0176
1506   0.0919
1507   0.0140
1508   0.1225
1509   0.1037
1510   0.2269
1511   0.3132
1512   0.1001
1513  -0.0209
1514  -0.1467
1515  -0.0995
1516  -0.1487
1517  -0.1075
1518  -0.1530
1519  -0.1827
1520  -0.1352
1521   0.0632
1522  -0.2399
1523  -0.0287
1524  -0.2554
1525   0.0999
1526  -0.0080
1527   0.0380
1528  -0.2573
1529  -0.2239
1530  -0.0278
1531   0.0724
1532   0.0011
1533   0.0065
1534  -0.0854
1535  -0.2304
1536  -0.1910
1537  -0.2409
1538  -0.2963
1539   0.1216
1540   0.0273
1541  -0.0771
1542  -0.0324
1543  -0.3126
1544  -0.2200
1545  -0.0307
1546   0.0959
1547   0.0352
1548  -0.0867
1549  -0.2408
1550  -0.0700
1551   0.1250
1552   0.0825
1553  -0.0599
1554   0.0637
1555   0.1302
1556   0.1400
1557  -0.0604
1558  -0.0471
1559  -0.0121
1560  -0.2712
1561   0.0179
1562  -0.0131
1563   0.1712
1564   0.3529
1565   0.1928
1566   0.5304
1567   0.0203
1568  -0.0072
1569   0.1190
1570  -0.0095
1571   0.1009
1572  -0.2064
1573  -0.2823
1574  -0.0383
1575  -0.0864
1576  -0.1730
1577  -0.4503
1578  -0.4065
1579  -0.3417
1580  -0.0576
1581  -0.2128
1582   0.1484
1583  -0.0139
1584   0.0148
1585  -0.0789
1586  -0.2343
1587  -0.4911
1588  -0.3032
1589  -0.2700
1590  -0.1337
1591  -0.0728
1592  -0.0827
1593  -0.0908
1594  -0.1805
1595  -0.0421
1596  -0.1721
1597  -0.1322
1598   0.0219
1599  -0.0100
1600  -0.1103
1601  -0.3698
1602  -0.3362
1603  -0.2648
1604  -0.3111
1605  -0.1942
1606  -0.2111
1607  -0.1698
1608  -0.2909
1609  -0.2099
1610  -0.1751
1611  -0.1652
1612  -0.1995
1613  -0.1014
1614  -0.1937
1615  -0.3061
1616  -0.0293
1617  -0.0957
1618  -0.1251
1619  -0.0131
1620  -0.1878
1621  -0.1757
1622  -0.1925
1623  -0.2294
1624  -0.1317
1625  -0.1967
1626  -0.2339
1627  -0.2396
1628  -0.1222
1629  -0.2086
1630  -0.0758
1631  -0.2258
1632  -0.0952
1633  -0.0547
1634  -0.1634
1635  -0.0625
1636   0.1302
1637  -0.0419
1638  -0.1014
1639  -0.2141
1640   0.0283
1641  -0.2401
1642  -0.3865
1643  -0.2502
1644  -0.2697
1645  -0.1709
1646  -0.1547
1647  -0.1945
1648  -0.0213
1649  -0.2386
1650  -0.1594
1651  -0.2887
1652  -0.1506
1653  -0.1419
1654  -0.2578
1655  -0.1046
1656   0.0600
1657   0.0755
1658  -0.0542
1659  -0.0882
1660  -0.2453
1661  -0.2741
1662  -0.0522
1663  -0.3284
1664  -0.4307
1665  -0.2916
1666  -0.1550
1667  -0.3352
1668  -0.1722
1669  -0.1935
1670  -0.2140
1671  -0.2827
1672  -0.3456
1673  -0.4000
1674  -0.3237
1675  -0.1798
1676  -0.4163
1677  -0.2521
1678  -0.3708
1679  -0.4126
1680  -0.3776
1681  -0.1886
1682   0.0082
1683  -0.2039
1684  -0.2063
1685  -0.3161
1686  -0.1939
1687  -0.2204
1688  -0.2654
1689  -0.2161
1690  -0.1582
1691  -0.0979
1692  -0.3029
1693  -0.0649
1694   0.0050
1695  -0.2087
1696  -0.2021
1697  -0.1695
1698  -0.3110
1699  -0.2378
1700  -0.3230
1701  -0.3561
1702  -0.2651
1703  -0.1799
1704  -0.1567
1705  -0.2191
1706  -0.2496
1707  -0.0945
1708  -0.1606
1709  -0.0543
1710  -0.0488
1711  -0.1563
1712  -0.0975
1713  -0.0040
1714  -0.3208
1715  -0.3025
1716  -0.3191
1717  -0.2625
1718  -0.2418
1719  -0.1041
1720  -0.0849
1721  -0.1742
1722  -0.0471
1723   0.0866
1724   0.1928
1725  -0.2966
1726  -0.1368
1727   0.0082
1728  -0.0161
1729   0.0902
1730   0.0727
1731  -0.1354
1732  -0.2877
1733  -0.1016
1734  -0.2569
1735  -0.1094
1736  -0.1604
1737  -0.0189
1738  -0.0687
1739  -0.1584
1740  -0.1090
1741   0.0532
1742  -0.1907
1743  -0.2826
1744  -0.3066
1745  -0.1777
1746  -0.3207
1747  -0.2014
1748   0.0304
1749   0.0986
1750  -0.0824
1751  -0.0543
1752  -0.0555
1753  -0.1157
1754  -0.0314
1755  -0.0449
1756  -0.0888
1757  -0.1258
1758  -0.2473
1759  -0.1654
1760  -0.0624
1761  -0.1264
1762  -0.1952
1763  -0.1394
1764  -0.2461
1765  -0.1750
1766  -0.0353
1767   0.0479
1768  -0.0388
1769  -0.1315
1770  -0.0085
1771   0.0607
1772   0.0841
1773  -0.0405
1774   0.0262
1775   0.0830
1776  -0.0347
1777  -0.1622
1778  -0.1224
1779  -0.2332
1780  -0.1757
1781  -0.0616
1782  -0.0820
1783  -0.0814
1784  -0.0428
1785  -0.0980
1786  -0.1370
1787  -0.2066
1788  -0.1006
1789  -0.0079
1790  -0.1130
1791  -0.0659
1792   0.0052
1793  -0.0127
1794  -0.0243
1795  -0.0520
1796  -0.0365
1797  -0.2146
1798  -0.1554
1799  -0.1406
1800  -0.1295
1801  -0.0021
1802  -0.1835
1803  -0.0645
1804   0.0079
1805   0.0953
1806  -0.0280
1807  -0.1075
1808   0.0375
1809  -0.0867
1810  -0.0640
1811  -0.0907
1812  -0.0776
1813  -0.1206
1814  -0.0285
1815  -0.2025
1816  -0.2240
1817  -0.3249
1818  -0.2912
1819  -0.1985
1820  -0.3537
1821  -0.1978
1822  -0.2771
1823  -0.1874
1824  -0.2137
1825  -0.2473
1826   0.0105
1827  -0.1770
1828  -0.0968
1829  -0.0512
1830  -0.0423
1831  -0.0756
1832  -0.1311
1833  -0.1460
1834  -0.0830
1835  -0.3065
1836  -0.1935
1837  -0.3154
1838  -0.2916
1839  -0.2221
1840  -0.1808
1841  -0.1153
1842  -0.1557
1843  -0.1702
1844  -0.1072
1845  -0.1476
1846  -0.1896
1847  -0.0492
1848  -0.2027
1849  -0.3373
1850  -0.2073
1851  -0.1492
1852  -0.1674
1853  -0.1030
1854  -0.2073
1855  -0.0684
1856  -0.1402
1857  -0.1823
1858  -0.1943
1859  -0.1629
1860  -0.2250
1861  -0.1912
1862  -0.2420
1863  -0.2443
1864  -0.2369
1865  -0.0311
1866  -0.0252
1867  -0.1179
1868  -0.2008
1869  -0.1953
1870  -0.1709
1871  -0.1269
1872  -0.1801
1873  -0.1895
1874  -0.1673
1875  -0.1371
1876  -0.1165
1877  -0.1008
1878  -0.0416
1879  -0.1641
1880  -0.1138
1881  -0.1188
1882  -0.1608
1883  -0.1592
1884  -0.1476
1885  -0.1730
1886  -0.0485
1887  -0.1054
1888  -0.0365
1889   0.0210
1890  -0.1021
1891  -0.1000
1892  -0.2478
1893  -0.1869
1894  -0.1397
1895  -0.0602
1896   0.0185
1897  -0.0208
1898  -0.2477
1899  -0.2746
1900  -0.0611
1901   0.0416
1902  -0.1561
1903  -0.2920
1904  -0.2145
1905  -0.1250
1906   0.0024
1907  -0.2199
1908  -0.3460
1909  -0.2433
1910  -0.2388
1911  -0.1980
1912  -0.2123
1913  -0.1264
1914  -0.1297
1915  -0.0682
1916  -0.1691
1917  -0.1753
1918  -0.2469
1919  -0.0717
1920  -0.2930
1921  -0.2376
1922  -0.2633
1923  -0.1319
1924  -0.1446
1925  -0.0825
1926  -0.0812
1927  -0.0678
1928  -0.0858
1929  -0.1906
1930  -0.0091
1931  -0.1622
1932  -0.1507
1933  -0.0868
1934  -0.0174
1935   0.0405
1936   0.1100
1937   0.1734
1938   0.0731
1939   0.1078
1940   0.1116
1941   0.1183
1942   0.1066
1943   0.0291
1944   0.2277
1945   0.1033
1946   0.0543
1947   0.1575
1948   0.0703
1949  -0.0880
1950  -0.0402
1951   0.0638
1952   0.1300
1953   0.0719
1954   0.1484
1955   0.1659
1956   0.0921
1957   0.1901
1958   0.2186
1959   0.0871
1960   0.2306
1961   0.1431
1962   0.0993
1963   0.2087
1964   0.0464
1965   0.0798
1966   0.2124
1967   0.0932
1968   0.1757
1969   0.2403
1970   0.1296
1971  -0.0058
1972   0.0189
1973   0.0961
1974   0.0078
1975  -0.0057
1976   0.1164
1977   0.1492
1978   0.2255
1979   0.2385
1980   0.2124
