Year   Temperature
1700  -0.3552893
1701  -0.3361864
1702  -0.1530534
1703  -0.1171693
1704  -0.0697424
1705  -0.4200341
1706  -0.4014137
1707  -0.2009128
1708  -0.1729266
1709  -0.2608163
1710  -0.3021294
1711  -0.2685969
1712  -0.3597116
1713  -0.3343438
1714  -0.3921116
1715  -0.1902827
1716  -0.0876652
1717  -0.1886808
1718  -0.1937522
1719  -0.0814548
1720  -0.0065010
1721  -0.1694801
1722  -0.0610043
1723  -0.0076548
1724  -0.0399230
1725  -0.2370225
1726  -0.1939440
1727   0.0816027
1728  -0.1203370
1729   0.0826680
1730  -0.0409879
1731  -0.0664719
1732  -0.2522441
1733  -0.1409731
1734  -0.2664055
1735  -0.0545555
1736  -0.1029955
1737  -0.1826225
1738  -0.1882904
1739  -0.0896791
1740  -0.1487691
1741  -0.1158080
1742  -0.1352231
1743  -0.3149529
1744  -0.3551318
1745  -0.1005941
1746  -0.2525624
1747  -0.2920650
1748  -0.0792625
1749  -0.0662551
1750  -0.0380957
1751  -0.2505521
1752   0.0733721
1753  -0.0135244
1754   0.0643823
1755  -0.1121156
1756   0.1239671
1757   0.0335653
1758  -0.0018597
1759   0.0967977
1760   0.1221477
1761  -0.1670869
1762  -0.1724008
1763   0.0128150
1764  -0.0191191
1765  -0.0318503
1766  -0.0879710
1767  -0.0900033
1768  -0.0686442
1769  -0.1219133
1770   0.0783285
1771   0.0315683
1772  -0.0161218
1773  -0.0470025
1774   0.1880136
1775   0.0839928
1776   0.1201320
1777  -0.0368069
1778   0.0260471
1779  -0.2703722
1780  -0.1674784
1781   0.1615729
1782   0.0948043
1783  -0.0607097
1784  -0.1898048
1785  -0.1937180
1786  -0.1409565
1787  -0.2548915
1788   0.0031002
1789  -0.1543929
1790  -0.1441056
1791  -0.0868532
1792  -0.1313097
1793  -0.1446005
1794  -0.0693051
1795  -0.1162466
1796  -0.0446848
1797  -0.1872331
1798   0.0110983
1799  -0.2161057
1800  -0.1854046
1801  -0.2635983
1802  -0.2274480
1803  -0.2437262
1804  -0.0035653
1805  -0.1255501
1806  -0.1185372
1807  -0.1627641
1808   0.0197262
1809  -0.1281017
1810  -0.2779496
1811  -0.2527777
1812  -0.2795167
1813  -0.2819423
1814  -0.2360061
1815  -0.4025625
1816  -0.3632411
1817  -0.4596813
1818  -0.3152786
1819  -0.2244142
1820  -0.2977913
1821  -0.4510126
1822  -0.3515645
1823  -0.2569277
1824  -0.3518587
1825  -0.2682440
1826  -0.1751497
1827  -0.2583627
1828  -0.1042528
1829  -0.0745565
1830  -0.1979307
1831  -0.1114938
1832  -0.2365628
1833  -0.2357934
1834  -0.0249109
1835  -0.2984827
1836  -0.2413804
1837  -0.3952301
1838  -0.3590553
1839  -0.4195873
1840  -0.3120528
1841  -0.3444227
1842  -0.2504032
1843  -0.1999715
1844  -0.2171124
1845  -0.2538831
1846  -0.2168403
1847  -0.0119371
1848  -0.1953526
1849  -0.2519125
1850  -0.2685199
1851  -0.1832086
1852  -0.2339174
1853  -0.2533976
1854  -0.2592664
1855  -0.2238199
1856  -0.2485295
1857  -0.2146813
1858  -0.1228271
1859  -0.1467773
1860  -0.2627982
1861  -0.0775679
1862  -0.3261772
1863  -0.1197013
1864  -0.3122917
1865  -0.1739959
1866  -0.3502178
1867  -0.2178561
1868  -0.3004279
1869  -0.2792604
1870  -0.2112815
1871  -0.1712260
1872  -0.2400046
1873  -0.1439835
1874  -0.2453156
1875  -0.2241911
1876  -0.1772458
1877  -0.2216646
1878  -0.2119533
1879  -0.1889687
1880  -0.1788718
1881  -0.2115479
1882  -0.2285487
1883  -0.1928747
1884  -0.2400552
1885  -0.3081651
1886  -0.2137219
1887  -0.2236605
1888  -0.2277683
1889  -0.0867279
1890  -0.2552219
1891  -0.2208916
1892  -0.2418108
1893  -0.2376935
1894  -0.1143844
1895  -0.1159993
1896  -0.0777936
1897  -0.1821854
1898  -0.2166055
1899  -0.2446328
1900  -0.1767742
1901  -0.2471237
1902  -0.1013596
1903  -0.1838960
1904  -0.1727090
1905  -0.4193404
1906  -0.2265584
1907  -0.3478962
1908  -0.2918537
1909  -0.4774409
1910  -0.2385521
1911  -0.3578487
1912  -0.3915848
1913  -0.3614467
1914  -0.3199109
1915  -0.2613623
1916  -0.3011406
1917  -0.4144356
1918  -0.3737171
1919  -0.2819637
1920  -0.2885887
1921  -0.0765314
1922  -0.2239873
1923  -0.0366388
1924  -0.1542899
1925  -0.0438239
1926  -0.0373573
1927  -0.0623548
1928   0.0552456
1929   0.0389577
1930   0.0664766
1931   0.0588983
1932   0.0362418
1933   0.1146290
1934   0.4274292
1935   0.2930440
1936   0.2123710
1937   0.0985000
1938   0.2858467
1939   0.2895149
1940   0.0406534
1941   0.1201256
1942   0.1133528
1943   0.1913024
1944   0.2438196
1945   0.2057191
1946   0.3962657
1947   0.3036063
1948   0.2574874
1949   0.0197847
1950   0.2620473
1951   0.1620532
1952   0.2449761
1953   0.1101377
1954   0.2182518
1955   0.2383807
1956   0.1527600
1957  -0.1940609
1958   0.1798334
1959   0.2682600
1960   0.4217348
1961   0.3568687
1962   0.0593363
1963   0.0143699
1964   0.1191825
1965  -0.1591220
1966   0.0309900
1967  -0.0895492
1968  -0.0586340
1969  -0.0987440
1970  -0.1647248
1971   0.0478083
1972  -0.1993455
1973  -0.0417280
1974   0.0548006
1975   0.0644752
1976   0.0980919
1977   0.2587177
1978   0.0798817
1979   0.0402610
1980   0.1000059
