Year   Temperature
1400  -0.2197
1401  -0.1721
1402   0.0329
1403   0.0632
1404  -0.0697
1405   0.1279
1406   0.1827
1407   0.0535
1408   0.1505
1409   0.1450
1410   0.0376
1411   0.1501
1412  -0.1189
1413   0.0343
1414  -0.0015
1415   0.1829
1416   0.2484
1417   0.0039
1418   0.1271
1419   0.0661
1420   0.0149
1421  -0.0414
1422  -0.0356
1423   0.0556
1424   0.1214
1425   0.0876
1426   0.1097
1427   0.0487
1428   0.1362
1429   0.0105
1430   0.1965
1431   0.1343
1432   0.1133
1433   0.0750
1434   0.1531
1435   0.1872
1436   0.0371
1437   0.1292
1438  -0.0073
1439  -0.1899
1440  -0.0861
1441   0.1520
1442   0.0255
1443   0.0900
1444   0.1413
1445  -0.1712
1446  -0.0121
1447  -0.0443
1448  -0.1010
1449  -0.2529
1450  -0.0678
1451  -0.0848
1452   0.0634
1453  -0.2160
1454  -0.1250
1455  -0.2243
1456  -0.2417
1457  -0.1459
1458  -0.2962
1459  -0.2659
1460  -0.1562
1461  -0.2473
1462  -0.3546
1463  -0.2859
1464  -0.3474
1465  -0.2600
1466  -0.2347
1467  -0.2465
1468  -0.0878
1469  -0.1343
1470  -0.0648
1471  -0.2361
1472  -0.2878
1473  -0.3346
1474  -0.0715
1475  -0.2562
1476  -0.1725
1477  -0.0596
1478  -0.1652
1479   0.0790
1480   0.0671
1481  -0.0932
1482  -0.0774
1483  -0.1209
1484   0.0603
1485   0.0399
1486  -0.0805
1487  -0.0727
1488   0.1846
1489   0.1401
1490   0.0757
1491   0.1681
1492   0.0454
1493   0.2215
1494   0.0986
1495  -0.0610
1496  -0.0051
1497  -0.1613
1498  -0.0608
1499   0.0255
1500  -0.0028
1501  -0.0936
1502  -0.2317
1503  -0.0764
1504   0.0339
1505   0.0453
1506  -0.0429
1507  -0.1117
1508   0.1877
1509   0.1025
1510   0.0931
1511   0.1039
1512   0.0977
1513  -0.0992
1514  -0.1182
1515  -0.0952
1516  -0.0956
1517  -0.0950
1518  -0.1762
1519  -0.2712
1520  -0.0547
1521  -0.0619
1522  -0.1527
1523  -0.0217
1524  -0.1317
1525   0.0709
1526  -0.0805
1527  -0.0559
1528  -0.1844
1529  -0.1971
1530  -0.1184
1531   0.1077
1532   0.0076
1533  -0.0354
1534  -0.1101
1535  -0.1124
1536  -0.1546
1537  -0.1364
1538  -0.0691
1539  -0.0682
1540  -0.1571
1541  -0.1049
1542   0.0786
1543  -0.2068
1544  -0.2436
1545  -0.1235
1546   0.0450
1547  -0.0399
1548  -0.1082
1549  -0.2002
1550  -0.0582
1551   0.0607
1552  -0.0195
1553  -0.1351
1554  -0.0063
1555  -0.0036
1556   0.0235
1557  -0.1153
1558  -0.0486
1559  -0.0365
1560  -0.1952
1561  -0.0668
1562  -0.1442
1563   0.0492
1564   0.1752
1565   0.0871
1566   0.3060
1567  -0.1213
1568  -0.0772
1569  -0.0244
1570  -0.0977
1571   0.0837
1572  -0.2333
1573  -0.2909
1574  -0.0349
1575  -0.1422
1576  -0.1739
1577  -0.4070
1578  -0.3814
1579  -0.3130
1580  -0.1770
1581  -0.2168
1582   0.0495
1583  -0.1034
1584   0.0055
1585  -0.0139
1586  -0.1682
1587  -0.4061
1588  -0.2671
1589  -0.2869
1590  -0.2025
1591  -0.1525
1592  -0.1376
1593  -0.1514
1594  -0.2698
1595  -0.1287
1596  -0.1929
1597  -0.1904
1598  -0.0158
1599  -0.0116
1600  -0.0930
1601  -0.2951
1602  -0.2695
1603  -0.2875
1604  -0.3143
1605  -0.2606
1606  -0.2281
1607  -0.2362
1608  -0.2994
1609  -0.1898
1610  -0.1545
1611  -0.1805
1612  -0.2019
1613  -0.1112
1614  -0.2106
1615  -0.3073
1616  -0.0553
1617  -0.0839
1618  -0.1635
1619  -0.0418
1620  -0.2001
1621  -0.1485
1622  -0.1722
1623  -0.1957
1624  -0.1303
1625  -0.1902
1626  -0.2190
1627  -0.2640
1628  -0.1206
1629  -0.1999
1630  -0.0895
1631  -0.2264
1632  -0.1319
1633  -0.1041
1634  -0.1557
1635  -0.0935
1636   0.0889
1637  -0.0494
1638  -0.0913
1639  -0.2241
1640   0.0224
1641  -0.2319
1642  -0.3712
1643  -0.2418
1644  -0.2652
1645  -0.1880
1646  -0.1888
1647  -0.2336
1648  -0.0768
1649  -0.2464
1650  -0.1970
1651  -0.3015
1652  -0.1405
1653  -0.1507
1654  -0.2456
1655  -0.1104
1656   0.0031
1657   0.0173
1658  -0.1199
1659  -0.1432
1660  -0.2693
1661  -0.2500
1662  -0.0172
1663  -0.2825
1664  -0.4336
1665  -0.2957
1666  -0.1623
1667  -0.3248
1668  -0.1731
1669  -0.2153
1670  -0.2257
1671  -0.2695
1672  -0.3412
1673  -0.3582
1674  -0.3115
1675  -0.1845
1676  -0.3668
1677  -0.2128
1678  -0.3192
1679  -0.3613
1680  -0.3469
1681  -0.2028
1682  -0.0593
1683  -0.2398
1684  -0.2031
1685  -0.3198
1686  -0.2383
1687  -0.2621
1688  -0.2876
1689  -0.2116
1690  -0.2036
1691  -0.1043
1692  -0.3388
1693  -0.1075
1694  -0.0384
1695  -0.2324
1696  -0.1979
1697  -0.1888
1698  -0.2870
1699  -0.2211
1700  -0.3271
1701  -0.3648
1702  -0.2702
1703  -0.2411
1704  -0.2219
1705  -0.2314
1706  -0.2541
1707  -0.0982
1708  -0.1676
1709  -0.0673
1710  -0.0823
1711  -0.1492
1712  -0.1107
1713  -0.0335
1714  -0.2836
1715  -0.2879
1716  -0.3115
1717  -0.2243
1718  -0.2082
1719  -0.1171
1720  -0.1378
1721  -0.2048
1722  -0.0960
1723   0.0329
1724   0.1312
1725  -0.3039
1726  -0.1557
1727  -0.0255
1728  -0.0391
1729   0.0468
1730   0.0360
1731  -0.1455
1732  -0.2893
1733  -0.1069
1734  -0.2763
1735  -0.1342
1736  -0.1720
1737  -0.0917
1738  -0.0710
1739  -0.1798
1740  -0.1106
1741   0.0241
1742  -0.1868
1743  -0.2656
1744  -0.2942
1745  -0.1848
1746  -0.3130
1747  -0.1975
1748   0.0375
1749   0.0845
1750  -0.1268
1751  -0.1140
1752  -0.0685
1753  -0.1434
1754  -0.0435
1755  -0.0564
1756  -0.1231
1757  -0.1412
1758  -0.2615
1759  -0.1603
1760  -0.0837
1761  -0.1213
1762  -0.1939
1763  -0.1475
1764  -0.2235
1765  -0.1647
1766  -0.0312
1767   0.0381
1768  -0.0667
1769  -0.1461
1770  -0.0206
1771   0.0304
1772   0.0607
1773  -0.0396
1774  -0.0005
1775   0.0600
1776  -0.0467
1777  -0.1642
1778  -0.1263
1779  -0.2232
1780  -0.1980
1781  -0.0641
1782  -0.0877
1783  -0.0850
1784  -0.0678
1785  -0.1211
1786  -0.1404
1787  -0.2133
1788  -0.1006
1789   0.0004
1790  -0.1109
1791  -0.0566
1792  -0.0283
1793  -0.0176
1794  -0.0142
1795  -0.0766
1796  -0.0462
1797  -0.1976
1798  -0.1401
1799  -0.1490
1800  -0.1249
1801   0.0106
1802  -0.1880
1803  -0.0683
1804   0.0125
1805   0.0594
1806  -0.0337
1807  -0.1311
1808   0.0250
1809  -0.0889
1810  -0.0595
1811  -0.0760
1812  -0.0842
1813  -0.1183
1814  -0.0418
1815  -0.1968
1816  -0.2320
1817  -0.2891
1818  -0.2499
1819  -0.1727
1820  -0.3461
1821  -0.1962
1822  -0.2501
1823  -0.1824
1824  -0.2071
1825  -0.2239
1826   0.0298
1827  -0.1693
1828  -0.0853
1829  -0.0893
1830  -0.0620
1831  -0.0707
1832  -0.1173
1833  -0.1536
1834  -0.0854
1835  -0.3120
1836  -0.2102
1837  -0.3367
1838  -0.3081
1839  -0.2404
1840  -0.2080
1841  -0.1128
1842  -0.1657
1843  -0.1774
1844  -0.1313
1845  -0.1671
1846  -0.1863
1847  -0.0628
1848  -0.1950
1849  -0.3552
1850  -0.2356
1851  -0.1869
1852  -0.1730
1853  -0.1303
1854  -0.2160
1855  -0.0764
1856  -0.1632
1857  -0.1700
1858  -0.1927
1859  -0.1788
1860  -0.2364
1861  -0.2090
1862  -0.2324
1863  -0.2133
1864  -0.2486
1865  -0.0626
1866  -0.0414
1867  -0.1507
1868  -0.1990
1869  -0.2220
1870  -0.2030
1871  -0.1503
1872  -0.1562
1873  -0.1827
1874  -0.1715
1875  -0.1565
1876  -0.1300
1877  -0.1273
1878  -0.0566
1879  -0.1928
1880  -0.1427
1881  -0.1613
1882  -0.1453
1883  -0.1350
1884  -0.1396
1885  -0.1776
1886  -0.0485
1887  -0.1134
1888  -0.0614
1889   0.0074
1890  -0.0979
1891  -0.1197
1892  -0.2553
1893  -0.2031
1894  -0.1346
1895  -0.0746
1896   0.0014
1897  -0.0410
1898  -0.2465
1899  -0.2871
1900  -0.0676
1901   0.0477
1902  -0.1883
1903  -0.2892
1904  -0.2321
1905  -0.1226
1906  -0.0083
1907  -0.2271
1908  -0.3420
1909  -0.2754
1910  -0.2335
1911  -0.2002
1912  -0.2077
1913  -0.1175
1914  -0.1115
1915  -0.0804
1916  -0.1637
1917  -0.1743
1918  -0.2210
1919  -0.0686
1920  -0.2708
1921  -0.2322
1922  -0.2503
1923  -0.1412
1924  -0.1404
1925  -0.0677
1926  -0.0645
1927  -0.0677
1928  -0.0891
1929  -0.1872
1930   0.0157
1931  -0.1803
1932  -0.1542
1933  -0.0913
1934   0.0009
1935   0.0437
1936   0.1086
1937   0.1762
1938   0.0746
1939   0.1117
1940   0.1054
1941   0.1087
1942   0.0782
1943   0.0426
1944   0.2151
1945   0.0785
1946   0.0470
1947   0.1583
1948   0.0661
1949  -0.0823
1950  -0.0312
1951   0.0650
1952   0.0952
1953   0.0559
1954   0.1262
1955   0.1376
1956   0.0779
1957   0.1920
1958   0.2115
1959   0.1084
1960   0.2279
1961   0.1567
1962   0.0675
1963   0.1982
1964   0.0410
1965   0.0720
1966   0.2152
1967   0.1088
1968   0.1834
1969   0.2357
1970   0.1260
1971   0.0235
1972   0.0502
1973   0.1054
1974   0.0317
1975   0.0174
1976   0.1335
1977   0.1551
1978   0.2179
1979   0.2361
1980   0.2097
