Year   Temperature
1760   0.0896360
1761  -0.0787626
1762  -0.0530454
1763  -0.1246424
1764  -0.0679116
1765   0.0076791
1766   0.0113894
1767  -0.0678344
1768  -0.1274903
1769  -0.2244443
1770   0.1222395
1771  -0.0135505
1772   0.1147023
1773   0.0696935
1774   0.1842888
1775   0.2082129
1776   0.1521632
1777  -0.0478275
1778   0.0412316
1779   0.0481223
1780  -0.0772745
1781   0.1649261
1782  -0.2458321
1783  -0.0168912
1784  -0.2951754
1785  -0.3946662
1786  -0.3250031
1787  -0.1936459
1788  -0.0988518
1789  -0.1658230
1790  -0.1783338
1791   0.0597962
1792  -0.1305947
1793  -0.0640510
1794   0.1836198
1795  -0.0945436
1796   0.0364829
1797  -0.0268754
1798   0.0626416
1799  -0.2926603
1800  -0.1133107
1801  -0.0940990
1802  -0.1051296
1803  -0.2542591
1804  -0.0345176
1805  -0.2332792
1806   0.0576884
1807  -0.0791110
1808  -0.0703740
1809  -0.2575298
1810  -0.2489720
1811  -0.0924156
1812  -0.4225829
1813  -0.2674366
1814  -0.3441504
1815  -0.2193585
1816  -0.3603061
1817  -0.3657690
1818  -0.0898207
1819  -0.1508901
1820  -0.3812312
1821  -0.3468700
1822   0.0016838
1823  -0.2768804
1824  -0.1839672
1825  -0.0840584
1826   0.1047895
1827  -0.1526892
1828  -0.0557818
1829  -0.2448299
1830  -0.1564341
1831   0.0094750
1832  -0.2398228
1833  -0.1473637
1834   0.2112091
1835  -0.3082852
1836  -0.3376439
1837  -0.4693662
1838  -0.5898217
1839  -0.3964055
1840  -0.4545455
1841  -0.2466518
1842  -0.3168431
1843  -0.1959939
1844  -0.3357908
1845  -0.4027312
1846  -0.0697840
1847  -0.1932888
1848  -0.2205162
1849  -0.2839927
1850  -0.2778687
1851  -0.2709322
1852  -0.1788203
1853  -0.3560385
1854  -0.2303803
1855  -0.3353647
1856  -0.2022993
1857  -0.0958790
1858  -0.2134220
1859   0.0780231
1860  -0.3622519
1861  -0.0613037
1862  -0.3272325
1863  -0.0419766
1864  -0.4371035
1865  -0.1278117
1866  -0.2652131
1867  -0.3211841
1868  -0.1509457
1869  -0.2603491
1870  -0.3726717
1871  -0.3593048
1872  -0.1551415
1873  -0.1780373
1874  -0.1516409
1875  -0.2004106
1876  -0.2601334
1877  -0.1369699
1878  -0.0402854
1879  -0.3487268
1880  -0.1522552
1881  -0.3094974
1882  -0.1589696
1883  -0.2374363
1884  -0.2694838
1885  -0.2830519
1886  -0.1165222
1887  -0.3170385
1888  -0.3919151
1889  -0.0759614
1890  -0.2953844
1891  -0.2900005
1892  -0.3414172
1893  -0.2409974
1894  -0.0790106
1895  -0.1881382
1896  -0.0836456
1897  -0.0196514
1898  -0.1115261
1899  -0.2127285
1900  -0.1956205
1901  -0.2495817
1902  -0.4317506
1903  -0.2101924
1904  -0.2449895
1905  -0.3507999
1906  -0.1760566
1907  -0.4700372
1908  -0.4049802
1909  -0.5054854
1910  -0.1971301
1911  -0.1417096
1912  -0.3878397
1913  -0.2408677
1914  -0.1186149
1915  -0.2622156
1916  -0.2321982
1917  -0.4519960
1918  -0.3006467
1919  -0.1472930
1920  -0.1553560
1921   0.0344660
1922  -0.3135727
1923  -0.0823896
1924  -0.1453561
1925  -0.0992948
1926  -0.0037759
1927  -0.0686225
1928   0.0425906
1929  -0.1537903
1930   0.1726025
1931  -0.0290556
1932   0.1398075
1933   0.0677073
1934   0.3969289
1935   0.2464785
1936   0.1917431
1937   0.2787350
1938   0.3451024
1939   0.2209247
1940  -0.0794550
1941  -0.0431394
1942  -0.0782496
1943   0.2939026
1944   0.2559933
1945   0.2668381
1946   0.2656373
1947   0.2948353
1948   0.2404773
1949   0.2444223
1950   0.3561985
1951   0.0854881
1952   0.1605333
1953   0.1651956
1954   0.1121763
1955   0.2178418
1956  -0.1135994
1957   0.0379748
1958   0.1421699
1959   0.3492119
1960   0.3700205
1961   0.4604791
1962  -0.0143697
1963  -0.1136280
1964   0.0830829
1965  -0.2516863
1966   0.0674265
1967   0.0812962
1968  -0.0859178
1969  -0.1451886
1970  -0.0598274
1971  -0.0747040
1972  -0.0219698
1973   0.1130769
1974   0.0593545
1975   0.1978625
1976   0.0896370
1977   0.1918679
1978  -0.0696654
1979   0.1234434
1980   0.0138858
