Year   Temperature
1750  -0.1207004
1751  -0.1381527
1752  -0.1447195
1753  -0.1487371
1754  -0.1156082
1755  -0.1557325
1756  -0.0324617
1757  -0.1712326
1758  -0.1395404
1759  -0.0212589
1760  -0.0156724
1761  -0.1759711
1762  -0.1047817
1763  -0.1488866
1764  -0.2223272
1765  -0.1230154
1766  -0.0656224
1767  -0.0333112
1768  -0.0425314
1769  -0.1737339
1770   0.0599856
1771   0.0163731
1772   0.0717903
1773  -0.0843741
1774   0.0228276
1775   0.0293890
1776  -0.0168078
1777  -0.1154211
1778  -0.1057442
1779  -0.2498456
1780  -0.2184731
1781  -0.0730146
1782  -0.1743309
1783  -0.1239720
1784  -0.0908956
1785  -0.1649582
1786  -0.1776679
1787  -0.2828847
1788  -0.1295816
1789  -0.1626015
1790  -0.2543909
1791  -0.0899831
1792  -0.0458067
1793  -0.0991808
1794  -0.0380810
1795  -0.0646407
1796  -0.1110831
1797  -0.2353243
1798  -0.0846317
1799  -0.1711458
1800  -0.1163297
1801  -0.1548898
1802  -0.2398188
1803  -0.2349494
1804  -0.0461146
1805  -0.1187016
1806  -0.1129771
1807  -0.1901469
1808  -0.0477680
1809  -0.1499771
1810  -0.1735410
1811  -0.2685705
1812  -0.2073914
1813  -0.2220521
1814  -0.2410444
1815  -0.2616162
1816  -0.2720447
1817  -0.3493928
1818  -0.2949315
1819  -0.3425210
1820  -0.4115968
1821  -0.2882883
1822  -0.3166625
1823  -0.2314925
1824  -0.2576422
1825  -0.2090877
1826  -0.0700354
1827  -0.1624720
1828  -0.0886808
1829  -0.0858855
1830  -0.1768283
1831  -0.1114485
1832  -0.2326023
1833  -0.1286811
1834  -0.0201444
1835  -0.3285368
1836  -0.2469332
1837  -0.4027496
1838  -0.3728758
1839  -0.3251784
1840  -0.3284743
1841  -0.2530624
1842  -0.2781961
1843  -0.2272963
1844  -0.2841905
1845  -0.3498772
1846  -0.2140869
1847  -0.1975883
1848  -0.2403877
1849  -0.3650655
1850  -0.2608304
1851  -0.2478307
1852  -0.1806784
1853  -0.1999572
1854  -0.2557671
1855  -0.1182865
1856  -0.1754333
1857  -0.1386740
1858  -0.2059778
1859  -0.2019123
1860  -0.2259935
1861  -0.1802424
1862  -0.2344790
1863  -0.1660764
1864  -0.2976662
1865  -0.1389930
1866  -0.2388020
1867  -0.1976384
1868  -0.2378852
1869  -0.2172767
1870  -0.2956193
1871  -0.2102286
1872  -0.2918009
1873  -0.2080955
1874  -0.2489580
1875  -0.1974612
1876  -0.2045656
1877  -0.1007742
1878  -0.1331918
1879  -0.2138386
1880  -0.2212194
1881  -0.1427555
1882  -0.2213988
1883  -0.2146441
1884  -0.1856009
1885  -0.1557187
1886  -0.1059041
1887  -0.2511924
1888  -0.1026901
1889  -0.0855122
1890  -0.2980694
1891  -0.1117889
1892  -0.2687937
1893  -0.3046411
1894  -0.1678446
1895  -0.1532603
1896  -0.0376686
1897  -0.0808675
1898  -0.2523071
1899  -0.3513592
1900  -0.1488211
1901  -0.1040412
1902  -0.2111503
1903  -0.1968909
1904  -0.3616087
1905  -0.2264941
1906  -0.1679385
1907  -0.3121126
1908  -0.2699374
1909  -0.3054037
1910  -0.2789862
1911  -0.2840565
1912  -0.3128051
1913  -0.2671633
1914  -0.2309156
1915  -0.1606564
1916  -0.2345502
1917  -0.3026499
1918  -0.2760319
1919  -0.0734372
1920  -0.2020212
1921  -0.1659030
1922  -0.2245160
1923  -0.0509097
1924  -0.0691863
1925  -0.1515301
1926   0.0528245
1927  -0.0824213
1928   0.0226454
1929  -0.0737251
1930   0.1095772
1931   0.0121572
1932   0.0504250
1933  -0.0483380
1934   0.1318395
1935   0.1302903
1936   0.1299011
1937   0.1465111
1938   0.1733761
1939   0.1583365
1940   0.1353440
1941   0.2390369
1942   0.1803695
1943   0.1609123
1944   0.2317448
1945   0.1180768
1946   0.1855289
1947   0.1937129
1948   0.1121673
1949  -0.1309976
1950   0.0333974
1951  -0.0150860
1952   0.0974981
1953   0.0912159
1954   0.1290992
1955   0.1150216
1956   0.0332736
1957   0.0683597
1958   0.2273118
1959   0.1536321
1960   0.2951022
1961   0.1835433
1962   0.0952887
1963   0.1388091
1964   0.0631047
1965   0.0128856
1966   0.1838177
1967   0.0468096
1968   0.1121443
1969   0.1836484
1970   0.0561093
1971  -0.0777806
1972   0.0193608
1973   0.0752883
1974  -0.0566541
1975   0.0157487
1976   0.0672968
1977   0.2071299
1978   0.1385479
1979   0.1784429
1980   0.1251918
