Year   Temperature
1650  -0.1074937
1651  -0.1179302
1652  -0.0613468
1653  -0.0816586
1654  -0.1301408
1655  -0.0401019
1656  -0.0172037
1657  -0.0239264
1658  -0.0575215
1659  -0.1004164
1660  -0.1207959
1661  -0.0950311
1662  -0.0995768
1663  -0.1959497
1664  -0.2968950
1665  -0.2580992
1666  -0.1319316
1667  -0.3285919
1668  -0.2630746
1669  -0.3050389
1670  -0.2077798
1671  -0.1667418
1672  -0.2940788
1673  -0.3830025
1674  -0.3053536
1675  -0.2934122
1676  -0.3448086
1677  -0.1949724
1678  -0.2991095
1679  -0.2982683
1680  -0.3388490
1681  -0.1252095
1682  -0.1759572
1683  -0.2639832
1684  -0.2554076
1685  -0.2782275
1686  -0.2467890
1687  -0.1636629
1688  -0.2444402
1689  -0.0717116
1690  -0.0566990
1691  -0.0718505
1692  -0.1599491
1693  -0.0951633
1694  -0.0628232
1695  -0.2248043
1696  -0.3720383
1697  -0.2586675
1698  -0.3468142
1699  -0.3621244
1700  -0.4061838
1701  -0.3246413
1702  -0.2105699
1703  -0.1713295
1704  -0.2420811
1705  -0.3698033
1706  -0.2765421
1707  -0.1802900
1708  -0.1570200
1709  -0.1997553
1710  -0.1691128
1711  -0.2346749
1712  -0.2488576
1713  -0.2067064
1714  -0.2550979
1715  -0.1914618
1716  -0.2618775
1717  -0.2255570
1718  -0.1798249
1719  -0.1545676
1720  -0.0749754
1721  -0.1078770
1722  -0.0451681
1723   0.0606663
1724  -0.0220965
1725  -0.2760426
1726  -0.0576785
1727   0.0004976
1728  -0.1719877
1729  -0.0705496
1730  -0.1064323
1731  -0.1873169
1732  -0.3082451
1733  -0.1870006
1734  -0.2806610
1735  -0.1419201
1736  -0.1320134
1737  -0.1354039
1738  -0.1642777
1739  -0.1300456
1740  -0.1135233
1741  -0.0750923
1742  -0.2447325
1743  -0.2743548
1744  -0.2922553
1745  -0.1868099
1746  -0.2790025
1747  -0.1765775
1748  -0.0550920
1749  -0.0001067
1750  -0.1214582
1751  -0.1526874
1752  -0.1583888
1753  -0.1577211
1754  -0.1091650
1755  -0.1276369
1756  -0.0280571
1757  -0.1529797
1758  -0.1371019
1759   0.0018157
1760   0.0033583
1761  -0.1027988
1762  -0.0736718
1763  -0.1163709
1764  -0.1271318
1765  -0.0869190
1766  -0.0343545
1767   0.0124024
1768  -0.0629136
1769  -0.1673466
1770   0.0289624
1771  -0.0018772
1772   0.0580924
1773  -0.0736501
1774   0.0117430
1775   0.0292912
1776  -0.0267679
1777  -0.1211144
1778  -0.1198543
1779  -0.2560297
1780  -0.2344839
1781  -0.0982892
1782  -0.1745239
1783  -0.1552016
1784  -0.1280047
1785  -0.1928210
1786  -0.1834924
1787  -0.2927111
1788  -0.1115602
1789  -0.1811776
1790  -0.2555156
1791  -0.0785296
1792  -0.0637592
1793  -0.0886942
1794  -0.0445370
1795  -0.0786111
1796  -0.1270045
1797  -0.2594209
1798  -0.0798715
1799  -0.1736535
1800  -0.0911776
1801  -0.1588659
1802  -0.2450159
1803  -0.2301120
1804  -0.0470638
1805  -0.0979481
1806  -0.1297908
1807  -0.1796668
1808  -0.0689093
1809  -0.1257732
1810  -0.1745267
1811  -0.1853432
1812  -0.1592864
1813  -0.1714825
1814  -0.2014704
1815  -0.2139478
1816  -0.2308678
1817  -0.3103895
1818  -0.2317549
1819  -0.2572565
1820  -0.3920332
1821  -0.2762473
1822  -0.3172912
1823  -0.1938796
1824  -0.2567836
1825  -0.1857372
1826  -0.0650486
1827  -0.1216354
1828  -0.0740794
1829  -0.0678395
1830  -0.1520520
1831  -0.1582576
1832  -0.1778394
1833  -0.1501900
1834  -0.0010302
1835  -0.2550602
1836  -0.2190195
1837  -0.3091165
1838  -0.2808086
1839  -0.2518868
1840  -0.2727325
1841  -0.2239268
1842  -0.2396756
1843  -0.2064863
1844  -0.2209776
1845  -0.2373044
1846  -0.1832264
1847  -0.1428870
1848  -0.2197064
1849  -0.3365978
1850  -0.2227707
1851  -0.2044633
1852  -0.1324679
1853  -0.2116422
1854  -0.1766812
1855  -0.0865820
1856  -0.1443226
1857  -0.1504350
1858  -0.1929471
1859  -0.1732468
1860  -0.2324444
1861  -0.1503489
1862  -0.2068921
1863  -0.1026100
1864  -0.2551227
1865  -0.1451108
1866  -0.1985348
1867  -0.2418293
1868  -0.2489079
1869  -0.1921078
1870  -0.2486955
1871  -0.2130393
1872  -0.3039472
1873  -0.1743550
1874  -0.2269191
1875  -0.1543091
1876  -0.1962318
1877  -0.0870034
1878  -0.1001465
1879  -0.2053684
1880  -0.2423198
1881  -0.1510976
1882  -0.1940420
1883  -0.2030666
1884  -0.1452972
1885  -0.1384896
1886  -0.1126565
1887  -0.1998020
1888  -0.0625150
1889  -0.1031561
1890  -0.2818034
1891  -0.1446782
1892  -0.2510719
1893  -0.2948133
1894  -0.1737539
1895  -0.1280743
1896  -0.0556289
1897  -0.0972403
1898  -0.2250001
1899  -0.3263683
1900  -0.1806617
1901  -0.1263351
1902  -0.1805136
1903  -0.2368926
1904  -0.3352118
1905  -0.1772467
1906  -0.1679950
1907  -0.3114999
1908  -0.2872779
1909  -0.3156046
1910  -0.2856476
1911  -0.2721072
1912  -0.3022399
1913  -0.2212848
1914  -0.1918377
1915  -0.1688086
1916  -0.2609905
1917  -0.3288559
1918  -0.2112347
1919  -0.0695508
1920  -0.1971796
1921  -0.1569794
1922  -0.2095925
1923  -0.0342749
1924  -0.0975332
1925  -0.1000406
1926   0.0686644
1927  -0.0784556
1928  -0.0319318
1929  -0.0484893
1930   0.0943193
1931  -0.0246686
1932  -0.0333143
1933  -0.0232043
1934   0.1324102
1935   0.0909391
1936   0.1315518
1937   0.1343156
1938   0.1523841
1939   0.1915709
1940   0.1651561
1941   0.2268833
1942   0.1990408
1943   0.1532766
1944   0.2409931
1945   0.1227700
1946   0.1989222
1947   0.1873094
1948   0.1137597
1949  -0.1079290
1950   0.0422654
1951  -0.0019787
1952   0.0960514
1953   0.0618331
1954   0.0803932
1955   0.0659256
1956   0.0390667
1957   0.0340227
1958   0.2267734
1959   0.1534958
1960   0.2491637
1961   0.1707489
1962   0.0566546
1963   0.1421438
1964   0.0806184
1965  -0.0416672
1966   0.1431104
1967   0.0399033
1968   0.0806587
1969   0.1203089
1970   0.0137124
1971  -0.0389460
1972   0.0405785
1973   0.0834162
1974  -0.0423335
1975   0.0332790
1976   0.1285945
1977   0.2372375
1978   0.1850959
1979   0.2001527
1980   0.1838466
