Year   Temperature
1760   0.0370681
1761  -0.1444491
1762  -0.0367354
1763  -0.1661978
1764  -0.2312818
1765  -0.0764539
1766  -0.0483670
1767   0.0219507
1768  -0.0626435
1769  -0.2189648
1770   0.0906920
1771   0.0118861
1772   0.1219270
1773  -0.0413340
1774   0.0440503
1775   0.0518368
1776  -0.0106902
1777  -0.1124347
1778  -0.0857082
1779  -0.1835477
1780  -0.1954592
1781  -0.0662494
1782  -0.2674864
1783  -0.0952607
1784  -0.1159113
1785  -0.2503936
1786  -0.2498748
1787  -0.2546253
1788  -0.1231534
1789  -0.1911786
1790  -0.2547553
1791  -0.0379850
1792  -0.0511559
1793  -0.0657151
1794   0.0557405
1795  -0.0364893
1796  -0.0495254
1797  -0.1938093
1798  -0.0848990
1799  -0.1614921
1800  -0.0982445
1801  -0.1001590
1802  -0.1880601
1803  -0.2406200
1804  -0.0379543
1805  -0.1310476
1806  -0.0535695
1807  -0.1708536
1808  -0.0679691
1809  -0.1594296
1810  -0.1331367
1811  -0.1711079
1812  -0.2224419
1813  -0.2061296
1814  -0.2463422
1815  -0.2010285
1816  -0.2444414
1817  -0.3474002
1818  -0.2157478
1819  -0.3044869
1820  -0.4291610
1821  -0.2728467
1822  -0.2355487
1823  -0.2449722
1824  -0.2478871
1825  -0.1913164
1826  -0.0206468
1827  -0.1401456
1828  -0.0834337
1829  -0.1025682
1830  -0.1384389
1831  -0.0984442
1832  -0.2357985
1833  -0.1219093
1834   0.0913074
1835  -0.3063733
1836  -0.2689751
1837  -0.3651805
1838  -0.4080522
1839  -0.2617920
1840  -0.3616136
1841  -0.2036742
1842  -0.3081378
1843  -0.2102647
1844  -0.2488298
1845  -0.3369163
1846  -0.1577842
1847  -0.2455026
1848  -0.2377618
1849  -0.3219533
1850  -0.2406241
1851  -0.2614526
1852  -0.1400689
1853  -0.2415987
1854  -0.2328309
1855  -0.1264164
1856  -0.0985240
1857  -0.0981105
1858  -0.2562510
1859  -0.1238351
1860  -0.2598706
1861  -0.1680620
1862  -0.2068927
1863  -0.1251496
1864  -0.3261775
1865  -0.1288381
1866  -0.2431456
1867  -0.2159738
1868  -0.1817797
1869  -0.2296236
1870  -0.3462150
1871  -0.2744465
1872  -0.2892023
1873  -0.2519519
1874  -0.2046577
1875  -0.1435350
1876  -0.2487920
1877  -0.0481274
1878  -0.0704256
1879  -0.2422034
1880  -0.2255325
1881  -0.1658271
1882  -0.2220657
1883  -0.2284684
1884  -0.2001713
1885  -0.1403697
1886  -0.1061147
1887  -0.2621206
1888  -0.1216811
1889  -0.0865866
1890  -0.3191502
1891  -0.1770709
1892  -0.3113318
1893  -0.3054166
1894  -0.1955644
1895  -0.1839707
1896  -0.0666822
1897  -0.0361645
1898  -0.2485289
1899  -0.3685176
1900  -0.2220890
1901  -0.1838098
1902  -0.3229697
1903  -0.2674727
1904  -0.4046759
1905  -0.2435390
1906  -0.2013188
1907  -0.3818825
1908  -0.3421086
1909  -0.3692593
1910  -0.2969246
1911  -0.1943358
1912  -0.3263994
1913  -0.2206725
1914  -0.1283867
1915  -0.1113550
1916  -0.2020290
1917  -0.3211437
1918  -0.2100239
1919   0.0021829
1920  -0.1620143
1921  -0.1296179
1922  -0.2797342
1923  -0.0413219
1924  -0.0633990
1925  -0.1771254
1926   0.0915614
1927  -0.0744396
1928  -0.0174107
1929  -0.1595606
1930   0.1095418
1931  -0.0324962
1932   0.0750753
1933  -0.0532120
1934   0.0832189
1935   0.1024408
1936   0.1242980
1937   0.2208175
1938   0.1755378
1939   0.1546580
1940   0.1359825
1941   0.2437817
1942   0.1729805
1943   0.1981911
1944   0.2763649
1945   0.1746698
1946   0.1566517
1947   0.2165604
1948   0.1343181
1949  -0.0406924
1950   0.1099693
1951  -0.0429524
1952   0.1170928
1953   0.0763004
1954   0.1007291
1955   0.1433574
1956  -0.0250178
1957   0.0902716
1958   0.2204045
1959   0.1740194
1960   0.3050507
1961   0.2216213
1962   0.0881562
1963   0.1275675
1964   0.0518126
1965  -0.0325941
1966   0.2035557
1967   0.0764951
1968   0.0801506
1969   0.1016454
1970   0.0660022
1971  -0.1402744
1972   0.0414218
1973   0.0895786
1974  -0.1163883
1975   0.0306196
1976   0.0839199
1977   0.1928235
1978   0.1127658
1979   0.2337304
1980   0.1448533
