Year   Temperature
1730  -0.0043279
1731  -0.0319422
1732  -0.2153959
1733  -0.1154774
1734  -0.2466479
1735  -0.0668560
1736  -0.0830323
1737  -0.1572760
1738  -0.1717842
1739  -0.0889136
1740  -0.1379871
1741  -0.1048571
1742  -0.1066359
1743  -0.2758965
1744  -0.3477177
1745  -0.1149381
1746  -0.2587630
1747  -0.3001570
1748  -0.0843487
1749  -0.0818044
1750  -0.0312733
1751  -0.2326387
1752   0.0777371
1753  -0.0030318
1754   0.0454247
1755  -0.1233547
1756   0.1207041
1757   0.0546587
1758  -0.0148399
1759   0.1079004
1760   0.1381134
1761  -0.1700323
1762  -0.1389274
1763  -0.0082013
1764  -0.0334827
1765  -0.0653608
1766  -0.0880808
1767  -0.1054222
1768  -0.0516467
1769  -0.1148361
1770   0.0648711
1771   0.0369910
1772   0.0151811
1773  -0.0160462
1774   0.2012628
1775   0.0918584
1776   0.1184619
1777  -0.0261977
1778   0.0353547
1779  -0.2218124
1780  -0.1240725
1781   0.1889183
1782   0.0759407
1783  -0.0410606
1784  -0.2151794
1785  -0.2067997
1786  -0.1525490
1787  -0.2538687
1788   0.0096326
1789  -0.1312779
1790  -0.1414805
1791  -0.0927794
1792  -0.1215423
1793  -0.1191532
1794  -0.0314793
1795  -0.1272597
1796  -0.0530049
1797  -0.1797472
1798   0.0356950
1799  -0.2490495
1800  -0.1632878
1801  -0.2615597
1802  -0.2411726
1803  -0.2307521
1804  -0.0049070
1805  -0.1173905
1806  -0.1389716
1807  -0.1574027
1808   0.0475612
1809  -0.1576066
1810  -0.2385631
1811  -0.2621893
1812  -0.3027874
1813  -0.2844591
1814  -0.2513797
1815  -0.4188208
1816  -0.4152634
1817  -0.4805142
1818  -0.2814309
1819  -0.2217189
1820  -0.3107288
1821  -0.4688025
1822  -0.3283190
1823  -0.3064950
1824  -0.3451390
1825  -0.2228722
1826  -0.1127028
1827  -0.2567489
1828  -0.1197384
1829  -0.0672478
1830  -0.2252058
1831  -0.0805358
1832  -0.2229545
1833  -0.2186901
1834   0.0147552
1835  -0.2777106
1836  -0.2507898
1837  -0.3650705
1838  -0.3620140
1839  -0.4386990
1840  -0.3107210
1841  -0.3686571
1842  -0.2384650
1843  -0.2316599
1844  -0.2386308
1845  -0.3006229
1846  -0.1747089
1847  -0.0203005
1848  -0.2136949
1849  -0.2396714
1850  -0.2527804
1851  -0.1889777
1852  -0.2255519
1853  -0.2499356
1854  -0.2816894
1855  -0.2324137
1856  -0.2697083
1857  -0.1961302
1858  -0.1177559
1859  -0.1215832
1860  -0.3046684
1861  -0.0844910
1862  -0.3719268
1863  -0.1624837
1864  -0.3300242
1865  -0.1754792
1866  -0.3421061
1867  -0.2226763
1868  -0.2725970
1869  -0.2735659
1870  -0.1786747
1871  -0.1554413
1872  -0.2414297
1873  -0.1536671
1874  -0.2324636
1875  -0.2162774
1876  -0.1583514
1877  -0.2099098
1878  -0.1771297
1879  -0.2281692
1880  -0.1731648
1881  -0.2288972
1882  -0.2324148
1883  -0.2193102
1884  -0.2254889
1885  -0.3214218
1886  -0.1745092
1887  -0.2246278
1888  -0.2639545
1889  -0.0955017
1890  -0.2822513
1891  -0.2181020
1892  -0.2576562
1893  -0.1769310
1894  -0.1290479
1895  -0.1209593
1896  -0.0753462
1897  -0.1708970
1898  -0.2035471
1899  -0.1997666
1900  -0.1488689
1901  -0.2087084
1902  -0.1318383
1903  -0.2004395
1904  -0.1807152
1905  -0.4075613
1906  -0.1897545
1907  -0.3627194
1908  -0.3092746
1909  -0.4697220
1910  -0.2455251
1911  -0.3404432
1912  -0.4047374
1913  -0.3589646
1914  -0.3103037
1915  -0.2380788
1916  -0.3199224
1917  -0.4093847
1918  -0.3766119
1919  -0.2816728
1920  -0.3009621
1921  -0.0409713
1922  -0.2619472
1923  -0.0182058
1924  -0.1715082
1925  -0.0304860
1926  -0.0260343
1927  -0.0363392
1928   0.0490434
1929   0.0270757
1930   0.0561195
1931   0.0445211
1932   0.0583424
1933   0.1492987
1934   0.4320587
1935   0.3001185
1936   0.1805684
1937   0.1271744
1938   0.2686869
1939   0.2681037
1940   0.0457407
1941   0.1171293
1942   0.0966782
1943   0.2005612
1944   0.2408193
1945   0.2025851
1946   0.3624076
1947   0.3355359
1948   0.2394166
1949   0.0226359
1950   0.2677449
1951   0.1285935
1952   0.2181585
1953   0.1368175
1954   0.1796541
1955   0.2783359
1956   0.1238762
1957  -0.1661056
1958   0.1782590
1959   0.2821811
1960   0.4106662
1961   0.3573377
1962   0.0460773
1963  -0.0130723
1964   0.1180368
1965  -0.1555090
1966   0.0192015
1967  -0.0555355
1968  -0.0210935
1969  -0.0734518
1970  -0.1246498
1971   0.0147700
1972  -0.2201568
1973  -0.0201816
1974   0.0564225
1975   0.0888743
1976   0.1495182
1977   0.2326687
1978   0.0532667
1979   0.0306484
1980   0.0781488
