Year   Temperature
1780  -0.1281338
1781   0.1907520
1782  -0.2370370
1783   0.0329280
1784  -0.3126288
1785  -0.4147904
1786  -0.3660240
1787  -0.1897024
1788  -0.0903131
1789  -0.0849396
1790  -0.1207353
1791   0.0833512
1792  -0.0422775
1793  -0.0452592
1794   0.1789174
1795  -0.1836721
1796  -0.0088112
1797   0.0441404
1798   0.0767054
1799  -0.3052685
1800  -0.0439316
1801  -0.0320545
1802  -0.0138007
1803  -0.2294409
1804  -0.0166485
1805  -0.2734515
1806   0.1267125
1807   0.0120533
1808  -0.0738593
1809  -0.2214652
1810  -0.1819333
1811   0.0003443
1812  -0.4134579
1813  -0.2887929
1814  -0.3490553
1815  -0.2804022
1816  -0.4497565
1817  -0.3410864
1818  -0.1193616
1819  -0.1649889
1820  -0.4274661
1821  -0.2733497
1822   0.0503288
1823  -0.2913797
1824  -0.1415054
1825  -0.0670832
1826   0.1305121
1827  -0.1605796
1828  -0.0824689
1829  -0.3481520
1830  -0.1806017
1831   0.0051868
1832  -0.2153754
1833  -0.1680392
1834   0.2585618
1835  -0.3296440
1836  -0.2865645
1837  -0.5363378
1838  -0.6964433
1839  -0.3953174
1840  -0.5502977
1841  -0.2276866
1842  -0.3613866
1843  -0.2290185
1844  -0.3808396
1845  -0.4524170
1846  -0.0480122
1847  -0.2698401
1848  -0.2095165
1849  -0.3240281
1850  -0.3185127
1851  -0.3479480
1852  -0.1918105
1853  -0.3370072
1854  -0.2868947
1855  -0.3714901
1856  -0.1928623
1857  -0.1071823
1858  -0.2332964
1859   0.0552741
1860  -0.4400785
1861  -0.1166708
1862  -0.2884786
1863  -0.0078299
1864  -0.5500734
1865  -0.1100428
1866  -0.1905065
1867  -0.2927599
1868  -0.0914083
1869  -0.2368846
1870  -0.4307558
1871  -0.4348404
1872  -0.0559041
1873  -0.0970085
1874  -0.1999871
1875  -0.3307575
1876  -0.2675612
1877  -0.1660236
1878  -0.0933694
1879  -0.3919689
1880  -0.1302912
1881  -0.3391926
1882  -0.1227798
1883  -0.2385121
1884  -0.2715312
1885  -0.2999118
1886  -0.0969307
1887  -0.3416791
1888  -0.4214178
1889  -0.0947274
1890  -0.2318666
1891  -0.2487226
1892  -0.3402228
1893  -0.2445966
1894  -0.0692868
1895  -0.1966294
1896  -0.1158508
1897  -0.0133088
1898  -0.0428453
1899  -0.2465195
1900  -0.1038736
1901  -0.2087822
1902  -0.4800744
1903  -0.1665185
1904  -0.2403298
1905  -0.2864434
1906  -0.1033828
1907  -0.4222984
1908  -0.4176654
1909  -0.5292523
1910  -0.1679835
1911  -0.1167005
1912  -0.4065511
1913  -0.2550878
1914  -0.1666546
1915  -0.2435505
1916  -0.2087372
1917  -0.4101492
1918  -0.2685430
1919  -0.2310810
1920  -0.1586212
1921  -0.0110069
1922  -0.3516843
1923  -0.0916955
1924  -0.1505182
1925  -0.1066965
1926   0.0743399
1927  -0.0178495
1928   0.1105090
1929  -0.1854879
1930   0.2568776
1931  -0.0537069
1932   0.0907097
1933   0.0078638
1934   0.4037733
1935   0.2850414
1936   0.2013376
1937   0.3154405
1938   0.3734770
1939   0.2102620
1940  -0.2567275
1941  -0.2027794
1942  -0.1765337
1943   0.2609030
1944   0.1974539
1945   0.1742342
1946   0.2171906
1947   0.2757629
1948   0.2454487
1949   0.2580322
1950   0.2661575
1951   0.1165633
1952   0.1290880
1953   0.1498683
1954   0.0509090
1955   0.1290748
1956  -0.1705225
1957   0.1078288
1958   0.1973400
1959   0.3598132
1960   0.3334984
1961   0.4265586
1962  -0.0022924
1963  -0.0698819
1964   0.1123647
1965  -0.2009414
1966   0.1493045
1967   0.1578462
1968   0.0561319
1969   0.0086239
1970   0.0245302
1971  -0.0308237
1972   0.0169640
1973   0.1652045
1974   0.1179680
1975   0.1906508
1976   0.0408177
1977   0.1482472
1978  -0.1108330
1979   0.1290910
1980  -0.0734976
