Year   Temperature
1750  -0.0810292
1751  -0.3010747
1752   0.0030294
1753  -0.0190409
1754  -0.0856263
1755  -0.1996761
1756   0.0642543
1757  -0.0195784
1758  -0.0995179
1759   0.1050777
1760   0.0541716
1761  -0.1338527
1762  -0.1582475
1763  -0.1101928
1764  -0.1292031
1765  -0.0863356
1766  -0.0847355
1767  -0.1849044
1768  -0.1448911
1769  -0.1996569
1770   0.0497382
1771  -0.0446837
1772  -0.0134877
1773  -0.0030106
1774   0.1725884
1775   0.0859471
1776   0.1286686
1777   0.0385556
1778   0.0668074
1779  -0.1510368
1780  -0.1002975
1781   0.1975044
1782   0.0273679
1783  -0.0625351
1784  -0.2520471
1785  -0.2290970
1786  -0.1929385
1787  -0.3055184
1788  -0.0177243
1789  -0.1961350
1790  -0.2453044
1791  -0.0772179
1792  -0.2006532
1793  -0.1108169
1794   0.0136873
1795  -0.0481141
1796  -0.0520078
1797  -0.1871672
1798   0.0469896
1799  -0.3080393
1800  -0.1768167
1801  -0.2012357
1802  -0.2675577
1803  -0.2485403
1804  -0.0743946
1805  -0.1270007
1806  -0.0671069
1807  -0.1424465
1808   0.0192381
1809  -0.1773537
1810  -0.2783868
1811  -0.3151043
1812  -0.3597133
1813  -0.2589045
1814  -0.2679747
1815  -0.3569812
1816  -0.4225936
1817  -0.3983428
1818  -0.2131729
1819  -0.2677545
1820  -0.3409503
1821  -0.5227444
1822  -0.2733720
1823  -0.2872154
1824  -0.3077758
1825  -0.1958752
1826  -0.0058100
1827  -0.2438039
1828  -0.0685765
1829  -0.0881080
1830  -0.2300366
1831  -0.0673099
1832  -0.2358876
1833  -0.2269606
1834   0.0412207
1835  -0.3147209
1836  -0.3294828
1837  -0.4832025
1838  -0.4905349
1839  -0.5538653
1840  -0.4157383
1841  -0.3808908
1842  -0.2731397
1843  -0.2755774
1844  -0.2802741
1845  -0.3228123
1846  -0.1436999
1847  -0.0513137
1848  -0.2352752
1849  -0.3328471
1850  -0.2720702
1851  -0.2025971
1852  -0.2662499
1853  -0.3302302
1854  -0.3080214
1855  -0.2469543
1856  -0.2926110
1857  -0.1856502
1858  -0.0801460
1859  -0.1146747
1860  -0.3208833
1861  -0.0488324
1862  -0.4159101
1863  -0.1706303
1864  -0.3581696
1865  -0.1927032
1866  -0.3746924
1867  -0.2902215
1868  -0.3474519
1869  -0.3158627
1870  -0.2912729
1871  -0.2199852
1872  -0.2986296
1873  -0.1720167
1874  -0.2509228
1875  -0.1754127
1876  -0.1378376
1877  -0.2336304
1878  -0.1257565
1879  -0.2031496
1880  -0.1963670
1881  -0.2253685
1882  -0.1723872
1883  -0.1921146
1884  -0.2254862
1885  -0.2954160
1886  -0.1436022
1887  -0.1815980
1888  -0.2857735
1889  -0.0082979
1890  -0.2411070
1891  -0.2035343
1892  -0.2100541
1893  -0.1530131
1894  -0.0809549
1895  -0.0943678
1896  -0.0040912
1897  -0.0877838
1898  -0.2068670
1899  -0.1455697
1900  -0.0910171
1901  -0.1399789
1902  -0.2125370
1903  -0.1932243
1904  -0.0994125
1905  -0.3254471
1906  -0.1494326
1907  -0.3900459
1908  -0.2672032
1909  -0.4283933
1910  -0.2490349
1911  -0.3328127
1912  -0.4062445
1913  -0.3426680
1914  -0.3736898
1915  -0.2952222
1916  -0.3288852
1917  -0.3331903
1918  -0.3971151
1919  -0.2310568
1920  -0.3144798
1921  -0.0183743
1922  -0.2487052
1923  -0.0220496
1924  -0.1570482
1925  -0.0357907
1926  -0.0033728
1927  -0.0880335
1928   0.0548228
1929   0.0266348
1930   0.0361603
1931   0.0271199
1932   0.0686361
1933   0.1892441
1934   0.4933030
1935   0.3286241
1936   0.1505438
1937   0.1494574
1938   0.2722297
1939   0.2634320
1940   0.1055058
1941   0.0471210
1942   0.0369956
1943   0.2034118
1944   0.2712526
1945   0.2778217
1946   0.3488085
1947   0.3635760
1948   0.2040286
1949  -0.0083968
1950   0.3443486
1951   0.0890206
1952   0.1415458
1953   0.1017699
1954   0.0782610
1955   0.2433788
1956   0.0559253
1957  -0.0552033
1958   0.1491854
1959   0.3179292
1960   0.3438677
1961   0.3719858
1962  -0.0067175
1963  -0.0982550
1964   0.1035258
1965  -0.2537159
1966  -0.0435174
1967  -0.0213342
1968  -0.0658639
1969  -0.0731093
1970  -0.1217796
1971   0.0492235
1972  -0.1290239
1973   0.0224837
1974   0.0503844
1975   0.1291546
1976   0.1524405
1977   0.2161162
1978   0.0601574
1979   0.0467312
1980   0.1342211
